1,1,1.609,676.520,50.941,207.581,0.703734,-1,-1,-1
1,2,1371.385,515.348,33.773,99.996,0.644726,-1,-1,-1
1,3,1610.114,559.153,56.105,115.715,0.602324,-1,-1,-1
2,1,-3.929,663.712,51.923,212.542,0.656965,-1,-1,-1
2,2,1372.657,514.662,34.114,101.039,0.642493,-1,-1,-1
2,3,1615.651,551.401,59.846,123.417,0.660180,-1,-1,-1
3,1,-7.043,686.190,51.246,211.889,0.650364,-1,-1,-1
3,2,1374.989,509.772,35.641,105.411,0.589062,-1,-1,-1
3,3,1621.775,549.619,58.970,121.321,0.653861,-1,-1,-1
4,2,1379.469,507.004,36.679,108.566,0.712433,-1,-1,-1
4,3,1629.946,548.316,60.860,125.111,0.759547,-1,-1,-1
4,4,1545.241,553.442,49.866,120.428,0.652941,-1,-1,-1
5,2,1383.536,513.447,37.149,110.392,0.711505,-1,-1,-1
5,3,1637.479,560.578,60.237,123.583,0.636130,-1,-1,-1
5,4,1550.018,560.378,50.238,121.271,0.399834,-1,-1,-1
6,2,1389.114,524.000,36.248,108.595,0.635934,-1,-1,-1
6,3,1645.350,571.202,60.914,124.404,0.757329,-1,-1,-1
7,2,1391.331,520.952,36.851,111.237,0.582014,-1,-1,-1
7,3,1652.367,572.628,62.755,127.979,0.740618,-1,-1,-1
8,2,1394.702,529.862,36.046,109.089,0.671828,-1,-1,-1
8,3,1659.812,576.807,63.827,129.830,0.662707,-1,-1,-1
9,2,1397.939,533.767,35.575,107.644,0.674745,-1,-1,-1
9,3,1665.544,582.987,64.999,132.068,0.692021,-1,-1,-1
10,2,1400.161,540.677,35.496,107.110,0.659054,-1,-1,-1
10,3,1671.664,598.001,63.667,129.010,0.786491,-1,-1,-1
10,1,10.259,729.607,30.226,117.054,0.639736,-1,-1,-1
10,4,1582.513,604.084,50.572,122.180,0.684504,-1,-1,-1
11,2,1402.673,535.770,35.606,107.220,0.674909,-1,-1,-1
11,3,1679.207,585.976,65.960,134.001,0.765674,-1,-1,-1
11,4,1589.190,594.227,51.971,125.796,0.655317,-1,-1,-1
12,2,1404.830,534.645,36.541,109.847,0.685583,-1,-1,-1
12,3,1687.582,590.323,65.560,133.292,0.770880,-1,-1,-1
12,4,1596.928,594.949,52.896,127.979,0.706453,-1,-1,-1
13,2,1408.794,532.899,35.436,106.424,0.717090,-1,-1,-1
13,3,1694.467,592.366,65.110,132.373,0.722562,-1,-1,-1
13,4,1602.614,597.016,52.896,127.058,0.666448,-1,-1,-1
14,2,1410.617,531.530,34.681,103.702,0.668399,-1,-1,-1
14,3,1701.723,587.364,65.327,133.478,0.683704,-1,-1,-1
14,4,1611.594,590.980,53.823,129.195,0.628184,-1,-1,-1
15,2,1413.383,532.767,35.348,105.667,0.529445,-1,-1,-1
15,3,1709.379,586.976,66.654,137.223,0.750013,-1,-1,-1
15,4,1619.649,593.552,53.867,129.671,0.718869,-1,-1,-1
16,2,1417.157,534.063,35.056,105.003,0.545789,-1,-1,-1
16,3,1715.578,591.752,65.844,136.525,0.742178,-1,-1,-1
16,4,1627.744,595.304,54.341,130.446,0.697605,-1,-1,-1
17,2,1419.962,534.415,35.995,107.468,0.603454,-1,-1,-1
17,3,1722.560,591.696,66.457,138.705,0.709623,-1,-1,-1
17,4,1635.162,592.208,55.470,133.644,0.695203,-1,-1,-1
18,2,1422.105,534.696,36.428,108.582,0.699323,-1,-1,-1
18,3,1731.459,594.763,65.759,138.154,0.704218,-1,-1,-1
18,4,1643.892,592.927,55.810,134.840,0.625489,-1,-1,-1
19,2,1424.708,535.430,36.458,108.153,0.734153,-1,-1,-1
19,3,1740.794,596.242,65.954,139.124,0.748139,-1,-1,-1
19,4,1651.762,593.839,55.927,135.371,0.443406,-1,-1,-1
20,2,1426.914,535.863,36.284,106.861,0.747650,-1,-1,-1
20,3,1749.483,597.956,65.977,139.893,0.742857,-1,-1,-1
20,4,1659.109,595.192,55.569,135.419,0.605200,-1,-1,-1
21,2,1428.545,534.405,37.763,110.645,0.690800,-1,-1,-1
21,3,1757.740,598.829,65.998,140.599,0.746249,-1,-1,-1
21,4,1667.115,597.554,56.149,137.085,0.687084,-1,-1,-1
22,2,1432.523,537.918,36.392,105.202,0.669147,-1,-1,-1
22,3,1769.291,602.243,64.811,139.081,0.748329,-1,-1,-1
22,4,1674.416,598.994,57.064,140.124,0.626351,-1,-1,-1
23,2,1433.599,539.266,37.718,108.468,0.663073,-1,-1,-1
23,3,1777.679,601.920,66.667,143.990,0.771724,-1,-1,-1
23,4,1681.211,601.233,57.873,142.513,0.725425,-1,-1,-1
24,2,1436.394,533.903,39.371,113.883,0.653881,-1,-1,-1
24,3,1787.079,597.341,68.892,149.812,0.711066,-1,-1,-1
24,4,1688.229,602.681,58.253,143.234,0.731069,-1,-1,-1
25,2,1438.649,535.429,41.102,119.129,0.662139,-1,-1,-1
25,3,1797.280,602.987,68.372,148.670,0.709495,-1,-1,-1
25,4,1695.189,607.006,59.453,147.259,0.727813,-1,-1,-1
26,2,1441.887,538.267,41.460,119.233,0.722996,-1,-1,-1
26,3,1807.890,607.524,68.017,147.493,0.589960,-1,-1,-1
26,4,1703.854,611.451,60.214,149.378,0.724771,-1,-1,-1
27,2,1445.287,541.812,40.370,115.678,0.747343,-1,-1,-1
27,3,1816.832,611.681,69.784,150.222,0.652330,-1,-1,-1
27,4,1711.661,615.844,60.231,149.442,0.673635,-1,-1,-1
28,2,1450.066,545.623,39.906,112.345,0.727991,-1,-1,-1
28,3,1824.700,612.403,72.359,155.435,0.771468,-1,-1,-1
28,4,1718.790,618.050,61.085,151.858,0.673663,-1,-1,-1
29,2,1453.256,550.257,39.362,110.766,0.708054,-1,-1,-1
29,3,1831.904,618.899,74.064,158.857,0.692483,-1,-1,-1
29,4,1725.402,622.692,63.245,158.169,0.723303,-1,-1,-1
30,2,1456.242,551.376,39.880,111.604,0.641724,-1,-1,-1
30,3,1840.702,622.036,72.574,153.722,0.634323,-1,-1,-1
30,4,1736.191,625.407,63.401,159.702,0.752802,-1,-1,-1
31,2,1458.020,552.502,42.198,118.482,0.628531,-1,-1,-1
31,3,1851.013,627.256,71.119,151.419,0.638978,-1,-1,-1
31,4,1747.791,629.129,61.825,156.468,0.578524,-1,-1,-1
32,2,1461.168,556.854,42.190,119.314,0.637046,-1,-1,-1
32,3,1855.436,634.349,73.021,158.549,0.687175,-1,-1,-1
32,4,1757.613,632.760,61.592,155.972,0.676862,-1,-1,-1
33,2,1464.603,548.319,43.659,123.942,0.742888,-1,-1,-1
33,3,1860.462,627.738,74.040,166.732,0.666220,-1,-1,-1
33,4,1767.772,626.277,60.776,153.894,0.646063,-1,-1,-1
34,2,1468.513,547.202,43.724,124.796,0.760994,-1,-1,-1
34,4,1776.605,623.803,62.090,156.491,0.745255,-1,-1,-1
35,2,1472.114,542.923,44.298,125.947,0.729859,-1,-1,-1
35,4,1786.681,623.927,63.072,157.964,0.637859,-1,-1,-1
36,2,1476.547,539.362,45.038,128.723,0.751369,-1,-1,-1
36,4,1795.564,621.086,66.240,165.190,0.706443,-1,-1,-1
37,2,1480.532,539.238,44.379,127.561,0.719475,-1,-1,-1
37,4,1804.549,622.816,68.383,168.589,0.772903,-1,-1,-1
38,2,1484.034,535.693,44.685,129.708,0.710492,-1,-1,-1
38,4,1812.933,619.890,71.730,175.554,0.781060,-1,-1,-1
39,2,1488.232,538.213,44.182,128.459,0.703019,-1,-1,-1
39,4,1824.125,627.258,71.986,175.063,0.750544,-1,-1,-1
40,2,1492.075,537.693,43.627,127.447,0.711070,-1,-1,-1
40,4,1835.178,627.972,73.199,177.721,0.779431,-1,-1,-1
41,2,1496.999,544.780,42.117,122.064,0.697233,-1,-1,-1
41,4,1845.726,632.435,74.056,179.890,0.757708,-1,-1,-1
42,2,1502.158,547.787,41.903,121.028,0.686775,-1,-1,-1
42,4,1854.084,637.464,73.161,180.656,0.691604,-1,-1,-1
43,2,1506.732,549.486,42.318,122.255,0.667751,-1,-1,-1
43,4,1863.292,643.495,68.515,174.086,0.662067,-1,-1,-1
44,2,1512.346,552.727,41.980,121.032,0.622011,-1,-1,-1
44,4,1871.507,650.200,63.868,169.218,0.640939,-1,-1,-1
45,2,1516.236,555.915,44.008,127.090,0.757504,-1,-1,-1
46,2,1519.634,555.804,45.527,132.635,0.757049,-1,-1,-1
47,2,1524.852,559.207,45.198,132.082,0.720535,-1,-1,-1
48,2,1529.334,560.874,45.596,133.409,0.708968,-1,-1,-1
49,2,1533.738,560.511,46.255,135.825,0.710664,-1,-1,-1
49,10,1626.144,533.135,31.538,90.978,0.715650,-1,-1,-1
50,2,1538.502,559.451,46.715,137.414,0.696580,-1,-1,-1
50,10,1630.208,531.771,31.285,90.446,0.416614,-1,-1,-1
51,2,1543.103,561.821,46.842,137.856,0.699175,-1,-1,-1
51,10,1636.630,533.982,31.034,89.816,0.643347,-1,-1,-1
52,2,1547.470,560.051,49.498,145.666,0.709247,-1,-1,-1
52,10,1640.443,533.439,31.378,90.937,0.562276,-1,-1,-1
53,2,1551.664,558.504,51.213,150.741,0.687562,-1,-1,-1
53,10,1644.735,534.282,30.980,89.857,0.533697,-1,-1,-1
54,2,1554.912,558.461,52.145,153.358,0.724299,-1,-1,-1
54,10,1649.241,535.099,30.843,89.522,0.592681,-1,-1,-1
55,2,1558.691,555.882,53.411,157.494,0.748928,-1,-1,-1
55,10,1654.470,534.301,31.568,91.477,0.604119,-1,-1,-1
56,2,1563.327,555.227,53.270,157.458,0.737310,-1,-1,-1
56,10,1658.501,528.132,34.174,98.779,0.722736,-1,-1,-1
57,2,1568.326,553.863,53.404,157.781,0.716811,-1,-1,-1
57,10,1660.789,523.106,35.740,103.105,0.717891,-1,-1,-1
58,2,1573.158,557.278,52.225,153.765,0.633025,-1,-1,-1
58,10,1662.804,516.959,37.158,107.323,0.682396,-1,-1,-1
59,2,1579.088,562.668,50.665,149.071,0.630830,-1,-1,-1
59,10,1666.179,512.169,38.700,111.201,0.657755,-1,-1,-1
60,2,1582.865,561.467,51.383,151.228,0.626770,-1,-1,-1
60,10,1668.393,511.194,39.113,111.530,0.720985,-1,-1,-1
61,2,1586.306,553.122,53.114,156.707,0.620462,-1,-1,-1
61,10,1670.718,510.078,38.878,109.056,0.716882,-1,-1,-1
62,2,1591.259,555.655,53.108,156.194,0.700135,-1,-1,-1
62,10,1675.223,516.701,38.162,105.156,0.548787,-1,-1,-1
63,2,1597.319,548.725,53.073,156.025,0.641121,-1,-1,-1
63,10,1682.061,515.769,35.651,97.417,0.571878,-1,-1,-1
64,2,1602.772,559.674,52.688,153.304,0.626538,-1,-1,-1
64,10,1688.380,526.269,34.722,95.063,0.637413,-1,-1,-1
65,2,1606.314,562.130,52.429,151.178,0.729706,-1,-1,-1
65,10,1692.122,528.972,33.217,90.781,0.681069,-1,-1,-1
66,2,1612.570,562.643,52.437,150.248,0.721836,-1,-1,-1
66,10,1698.213,523.623,33.568,91.844,0.691251,-1,-1,-1
67,2,1616.287,567.097,53.806,153.522,0.734712,-1,-1,-1
67,10,1701.164,533.007,33.438,90.994,0.653723,-1,-1,-1
68,2,1620.181,566.521,53.865,152.798,0.731780,-1,-1,-1
68,10,1703.826,530.885,33.129,90.125,0.577924,-1,-1,-1
69,2,1624.318,570.618,55.324,156.019,0.756273,-1,-1,-1
69,10,1706.529,536.885,33.550,90.908,0.650007,-1,-1,-1
70,2,1628.471,568.760,55.970,156.839,0.775683,-1,-1,-1
70,10,1707.773,536.574,34.147,92.351,0.596161,-1,-1,-1
71,2,1632.324,571.825,56.842,158.831,0.756355,-1,-1,-1
71,10,1708.931,537.778,34.522,93.268,0.689673,-1,-1,-1
72,2,1634.533,564.216,60.402,169.283,0.788482,-1,-1,-1
72,10,1709.948,537.845,34.260,91.908,0.690627,-1,-1,-1
73,2,1638.865,564.909,61.154,171.636,0.673841,-1,-1,-1
73,10,1711.761,539.441,35.379,93.943,0.583335,-1,-1,-1
74,2,1644.136,569.825,60.773,169.068,0.721009,-1,-1,-1
74,10,1713.498,538.229,35.429,93.567,0.585802,-1,-1,-1
75,2,1647.678,576.459,60.089,165.460,0.742921,-1,-1,-1
75,10,1714.871,539.862,35.660,93.591,0.570595,-1,-1,-1
76,2,1651.205,579.279,60.161,164.432,0.734076,-1,-1,-1
76,10,1716.025,540.528,35.334,91.765,0.547787,-1,-1,-1
77,2,1654.276,581.663,60.672,163.641,0.719525,-1,-1,-1
77,10,1716.888,541.726,35.390,91.106,0.536763,-1,-1,-1
78,2,1657.370,582.918,61.654,164.451,0.733562,-1,-1,-1
78,10,1716.826,542.059,35.689,91.156,0.582861,-1,-1,-1
79,2,1660.088,585.677,62.256,162.903,0.750335,-1,-1,-1
79,10,1716.561,541.638,35.825,90.627,0.574279,-1,-1,-1
80,2,1660.725,584.006,64.645,166.406,0.724883,-1,-1,-1
80,10,1715.784,538.762,36.515,91.609,0.611510,-1,-1,-1
81,2,1662.659,583.666,65.581,167.011,0.750377,-1,-1,-1
81,10,1714.925,537.770,36.718,91.461,0.570392,-1,-1,-1
82,2,1664.167,584.091,67.218,170.082,0.739508,-1,-1,-1
82,10,1714.041,538.114,36.557,91.197,0.612810,-1,-1,-1
83,2,1667.175,583.570,67.776,171.964,0.706113,-1,-1,-1
83,10,1713.481,537.861,36.415,91.085,0.589380,-1,-1,-1
84,2,1667.955,581.593,70.018,176.761,0.724192,-1,-1,-1
84,10,1713.163,536.915,36.595,92.254,0.571512,-1,-1,-1
85,2,1669.903,581.850,71.229,179.616,0.767101,-1,-1,-1
85,10,1712.426,537.102,36.543,92.609,0.476434,-1,-1,-1
86,2,1672.700,581.891,71.193,179.792,0.764601,-1,-1,-1
86,10,1711.964,536.710,32.586,80.533,0.314498,-1,-1,-1
87,2,1674.223,584.507,71.494,180.214,0.796828,-1,-1,-1
88,2,1675.833,583.518,72.809,184.040,0.797693,-1,-1,-1
89,2,1677.951,584.754,74.021,188.448,0.803718,-1,-1,-1
90,2,1680.783,586.213,74.933,192.205,0.756843,-1,-1,-1
91,2,1685.361,595.479,73.655,188.638,0.788674,-1,-1,-1
92,2,1689.101,601.171,73.099,186.885,0.796357,-1,-1,-1
93,2,1690.818,605.846,73.239,186.974,0.809165,-1,-1,-1
94,2,1691.949,608.467,73.519,187.605,0.804030,-1,-1,-1
95,2,1693.735,611.576,74.271,189.290,0.791492,-1,-1,-1
96,2,1696.859,612.682,74.806,190.720,0.788604,-1,-1,-1
97,2,1701.087,614.139,75.657,192.619,0.786002,-1,-1,-1
98,2,1705.158,614.435,76.776,195.595,0.791870,-1,-1,-1
98,20,205.086,581.919,57.191,145.757,0.621587,-1,-1,-1
99,2,1708.150,615.765,77.605,197.395,0.760280,-1,-1,-1
99,20,198.166,579.721,57.855,147.672,0.665430,-1,-1,-1
100,2,1711.140,615.074,78.742,199.781,0.794626,-1,-1,-1
100,20,190.788,586.601,55.915,142.747,0.608532,-1,-1,-1
101,2,1713.154,616.873,79.807,202.176,0.786473,-1,-1,-1
101,20,182.403,584.355,56.684,144.548,0.585042,-1,-1,-1
101,22,1684.509,551.295,43.031,102.697,0.719659,-1,-1,-1
102,2,1715.643,620.489,79.686,200.930,0.813577,-1,-1,-1
102,20,173.923,584.478,56.810,144.822,0.569257,-1,-1,-1
102,22,1682.968,551.448,43.007,102.933,0.741042,-1,-1,-1
102,23,116.914,581.702,58.846,146.320,0.626214,-1,-1,-1
103,2,1717.268,620.604,81.648,204.765,0.826179,-1,-1,-1
103,20,166.123,588.253,56.099,142.786,0.518333,-1,-1,-1
103,22,1681.782,551.457,42.526,102.217,0.718949,-1,-1,-1
103,23,107.326,579.399,60.158,149.749,0.552484,-1,-1,-1
104,2,1718.658,624.606,82.925,206.921,0.817829,-1,-1,-1
104,20,155.458,591.104,54.203,138.455,0.425776,-1,-1,-1
104,22,1680.378,552.463,42.241,102.179,0.707487,-1,-1,-1
104,23,97.055,577.644,60.287,150.187,0.565672,-1,-1,-1
105,2,1720.321,625.635,84.258,209.664,0.805693,-1,-1,-1
105,20,147.902,588.343,55.884,142.248,0.550861,-1,-1,-1
105,22,1678.923,551.184,42.269,103.138,0.665515,-1,-1,-1
105,23,88.045,579.542,59.978,149.646,0.600901,-1,-1,-1
106,2,1724.000,626.858,85.179,212.065,0.779920,-1,-1,-1
106,20,139.780,579.505,59.380,151.335,0.530955,-1,-1,-1
106,22,1675.855,550.384,42.619,105.154,0.608703,-1,-1,-1
106,23,76.781,576.025,61.197,153.401,0.559859,-1,-1,-1
107,2,1726.422,625.285,86.513,216.145,0.789002,-1,-1,-1
107,20,130.995,584.516,57.562,146.968,0.400997,-1,-1,-1
107,22,1673.878,549.098,42.157,105.534,0.553597,-1,-1,-1
107,23,67.488,573.613,62.037,155.958,0.591730,-1,-1,-1
108,2,1728.802,628.589,86.992,217.880,0.802968,-1,-1,-1
108,20,120.317,578.317,59.349,152.725,0.498994,-1,-1,-1
108,22,1672.463,549.699,41.718,106.286,0.469436,-1,-1,-1
108,23,55.808,569.619,63.946,160.581,0.535871,-1,-1,-1
109,2,1730.948,629.527,88.167,221.433,0.807576,-1,-1,-1
109,20,112.991,575.189,60.646,156.563,0.412876,-1,-1,-1
109,22,1671.141,550.329,41.016,106.484,0.537321,-1,-1,-1
109,23,45.693,569.204,63.952,160.644,0.489252,-1,-1,-1
110,2,1732.373,630.250,89.220,224.880,0.812683,-1,-1,-1
110,20,102.596,573.394,60.901,158.465,0.583726,-1,-1,-1
110,22,1669.843,551.484,40.337,107.107,0.354417,-1,-1,-1
110,23,34.679,568.060,65.099,162.556,0.592094,-1,-1,-1
111,2,1733.707,630.904,90.039,227.487,0.811471,-1,-1,-1
111,20,92.995,569.140,62.928,164.669,0.588613,-1,-1,-1
111,23,23.821,564.167,67.359,167.266,0.622319,-1,-1,-1
112,2,1735.683,633.252,90.335,228.182,0.808040,-1,-1,-1
112,20,84.737,573.083,61.674,161.635,0.570108,-1,-1,-1
112,23,14.959,566.644,67.913,166.328,0.534117,-1,-1,-1
113,2,1736.610,635.430,91.013,229.969,0.803850,-1,-1,-1
113,20,74.884,577.181,60.778,160.365,0.579001,-1,-1,-1
113,23,3.802,561.027,70.762,173.343,0.596064,-1,-1,-1
114,2,1738.242,636.568,91.242,230.958,0.798415,-1,-1,-1
114,20,62.679,568.639,63.672,169.162,0.649947,-1,-1,-1
114,23,0.632,571.875,66.376,164.432,0.547587,-1,-1,-1
115,2,1740.243,637.536,91.563,231.778,0.791468,-1,-1,-1
115,20,51.836,566.745,64.619,172.967,0.651559,-1,-1,-1
115,23,-3.031,574.337,64.377,162.468,0.466189,-1,-1,-1
115,28,145.556,597.506,34.489,105.405,0.616413,-1,-1,-1
116,2,1741.696,637.717,92.652,234.938,0.798864,-1,-1,-1
116,20,42.872,571.970,63.066,170.192,0.605154,-1,-1,-1
116,23,-6.283,582.093,61.626,158.087,0.627131,-1,-1,-1
116,29,327.079,567.955,37.611,110.794,0.611999,-1,-1,-1
117,2,1742.537,639.786,93.985,238.256,0.808540,-1,-1,-1
117,20,32.238,574.500,62.855,170.359,0.595145,-1,-1,-1
117,23,-9.562,584.601,59.598,157.494,0.628009,-1,-1,-1
117,29,318.616,567.558,38.371,112.884,0.542661,-1,-1,-1
118,2,1743.809,639.058,96.181,243.996,0.803621,-1,-1,-1
118,20,22.186,577.956,62.423,169.624,0.514047,-1,-1,-1
118,29,310.030,561.403,40.615,119.830,0.646732,-1,-1,-1
118,30,252.252,572.250,37.875,151.808,0.661180,-1,-1,-1
119,2,1747.443,641.118,97.301,245.983,0.821487,-1,-1,-1
119,20,10.748,573.324,64.938,177.584,0.595116,-1,-1,-1
119,29,301.306,563.422,40.431,119.278,0.550828,-1,-1,-1
119,30,243.249,565.173,40.035,160.422,0.609563,-1,-1,-1
120,2,1751.721,645.167,97.908,245.548,0.812641,-1,-1,-1
120,20,1.593,566.020,67.417,188.020,0.578360,-1,-1,-1
120,29,291.666,561.689,41.954,124.108,0.578465,-1,-1,-1
120,30,231.206,572.437,39.313,156.973,0.648407,-1,-1,-1
120,28,161.896,585.161,46.874,142.178,0.600718,-1,-1,-1
121,2,1754.938,646.501,99.476,248.344,0.809153,-1,-1,-1
121,20,-6.613,556.817,69.180,197.411,0.579696,-1,-1,-1
121,29,285.802,563.938,40.554,120.559,0.630809,-1,-1,-1
121,30,220.815,571.604,40.394,160.838,0.559104,-1,-1,-1
121,28,156.483,586.711,47.617,142.150,0.588517,-1,-1,-1
122,2,1756.877,647.782,100.720,251.774,0.808298,-1,-1,-1
122,20,-11.775,556.601,67.762,199.928,0.618485,-1,-1,-1
122,29,276.819,564.782,40.726,120.932,0.600761,-1,-1,-1
122,30,210.322,574.879,40.431,159.375,0.657952,-1,-1,-1
123,2,1759.741,650.820,101.301,254.513,0.808582,-1,-1,-1
123,29,266.881,560.099,43.457,129.361,0.660658,-1,-1,-1
123,30,200.522,582.670,39.704,154.035,0.596025,-1,-1,-1
124,2,1763.066,650.344,102.682,259.407,0.816025,-1,-1,-1
124,29,260.882,567.965,41.271,123.377,0.586649,-1,-1,-1
124,30,190.816,589.577,38.971,149.037,0.627946,-1,-1,-1
125,2,1768.974,649.662,103.721,262.066,0.816016,-1,-1,-1
125,29,252.236,570.959,40.634,121.470,0.534456,-1,-1,-1
125,30,180.827,592.138,39.634,148.339,0.642294,-1,-1,-1
126,2,1773.651,651.496,104.129,262.987,0.811376,-1,-1,-1
126,29,243.298,568.317,42.071,126.492,0.582840,-1,-1,-1
126,30,169.438,597.405,40.077,145.924,0.584324,-1,-1,-1
127,2,1778.030,652.090,105.316,266.110,0.819987,-1,-1,-1
127,29,235.839,570.412,41.777,126.401,0.579392,-1,-1,-1
127,30,159.867,602.247,40.448,144.400,0.594915,-1,-1,-1
128,2,1781.966,654.336,106.004,267.520,0.819285,-1,-1,-1
128,29,225.055,564.014,43.830,133.564,0.612507,-1,-1,-1
128,30,149.233,604.585,41.424,143.907,0.549818,-1,-1,-1
129,2,1788.108,656.766,107.312,269.420,0.823607,-1,-1,-1
129,29,217.593,567.064,43.445,133.458,0.591370,-1,-1,-1
129,30,136.124,602.001,43.771,150.343,0.515357,-1,-1,-1
130,2,1791.820,658.682,109.097,271.911,0.821855,-1,-1,-1
130,29,209.355,566.436,43.887,135.596,0.554589,-1,-1,-1
130,30,125.126,604.915,45.290,150.698,0.329496,-1,-1,-1
131,2,1795.415,660.120,111.705,276.677,0.831921,-1,-1,-1
131,29,201.339,573.237,41.997,129.621,0.472386,-1,-1,-1
131,30,108.484,601.217,46.872,156.305,0.430676,-1,-1,-1
132,2,1799.574,662.031,114.956,283.546,0.865221,-1,-1,-1
132,29,192.131,570.708,43.071,133.584,0.643243,-1,-1,-1
132,30,95.556,600.599,47.808,160.257,0.430649,-1,-1,-1
133,2,1803.311,663.834,117.000,289.242,0.882385,-1,-1,-1
133,29,183.157,567.683,43.989,136.179,0.532003,-1,-1,-1
133,30,81.263,596.497,49.878,167.446,0.545725,-1,-1,-1
134,2,1805.881,666.098,118.401,294.688,0.850815,-1,-1,-1
134,29,173.543,567.713,44.345,138.396,0.559130,-1,-1,-1
134,30,56.783,581.730,57.313,187.787,0.495866,-1,-1,-1
135,2,1807.458,667.291,119.717,301.237,0.814710,-1,-1,-1
135,29,165.511,570.715,43.932,138.276,0.543507,-1,-1,-1
135,30,40.034,575.643,61.822,197.919,0.541289,-1,-1,-1
136,2,1810.513,670.913,119.322,305.112,0.837501,-1,-1,-1
136,29,156.723,568.855,44.388,140.768,0.392961,-1,-1,-1
136,30,29.360,575.355,63.731,200.597,0.524912,-1,-1,-1
137,2,1814.388,678.361,117.783,307.199,0.774241,-1,-1,-1
137,29,148.236,573.960,43.183,137.803,0.403443,-1,-1,-1
137,30,20.018,574.595,65.040,204.305,0.625877,-1,-1,-1
138,2,1818.353,680.218,116.218,310.697,0.783456,-1,-1,-1
138,29,139.749,573.691,43.512,139.678,0.493991,-1,-1,-1
138,30,9.928,573.777,65.103,205.855,0.637506,-1,-1,-1
139,2,1820.708,680.887,114.949,315.312,0.770113,-1,-1,-1
139,30,1.353,577.463,63.445,202.756,0.616017,-1,-1,-1
140,2,1825.819,683.524,110.732,312.653,0.750517,-1,-1,-1
140,30,-8.166,576.573,64.148,210.557,0.625210,-1,-1,-1
141,2,1831.056,681.412,106.923,312.181,0.679875,-1,-1,-1
141,30,-13.353,580.196,61.124,208.576,0.590732,-1,-1,-1
141,32,1565.439,551.306,36.960,111.206,0.727527,-1,-1,-1
142,2,1838.235,694.512,99.387,300.223,0.642342,-1,-1,-1
142,32,1563.951,553.173,35.928,107.769,0.680608,-1,-1,-1
143,2,1843.702,703.824,94.661,297.121,0.592742,-1,-1,-1
143,32,1560.364,554.821,36.360,108.705,0.589918,-1,-1,-1
144,32,1556.367,557.181,36.468,108.950,0.709260,-1,-1,-1
145,32,1551.292,558.545,36.136,107.770,0.695713,-1,-1,-1
146,32,1547.057,557.462,37.025,110.117,0.649706,-1,-1,-1
146,33,1695.378,574.412,40.859,101.732,0.621355,-1,-1,-1
147,32,1542.996,558.352,36.986,109.495,0.676569,-1,-1,-1
147,33,1692.675,574.529,41.615,103.646,0.534343,-1,-1,-1
148,32,1536.438,556.536,38.592,112.571,0.690089,-1,-1,-1
148,33,1687.193,571.297,42.869,106.409,0.470869,-1,-1,-1
149,32,1528.424,555.889,40.172,113.571,0.686334,-1,-1,-1
149,33,1682.650,570.862,42.852,106.321,0.610511,-1,-1,-1
150,32,1522.726,559.557,40.464,109.589,0.718746,-1,-1,-1
150,33,1679.775,567.430,43.419,107.852,0.668158,-1,-1,-1
151,32,1519.156,560.856,41.545,109.002,0.700907,-1,-1,-1
151,33,1676.631,567.430,43.570,108.276,0.586634,-1,-1,-1
152,32,1515.132,559.587,43.009,110.420,0.699013,-1,-1,-1
152,33,1673.906,567.440,42.837,106.332,0.513146,-1,-1,-1
153,32,1510.339,558.773,44.075,110.084,0.661384,-1,-1,-1
153,33,1674.088,567.270,39.108,97.255,0.408908,-1,-1,-1
154,32,1503.198,555.016,45.738,113.182,0.668850,-1,-1,-1
155,32,1495.881,553.881,45.961,113.088,0.649474,-1,-1,-1
156,32,1489.392,552.027,46.663,115.372,0.668218,-1,-1,-1
157,32,1482.549,552.403,45.941,113.817,0.671979,-1,-1,-1
158,32,1475.086,549.698,46.673,116.000,0.730397,-1,-1,-1
159,32,1469.553,547.918,47.066,117.901,0.711196,-1,-1,-1
160,32,1464.848,546.897,47.051,118.991,0.675349,-1,-1,-1
161,32,1460.637,547.691,46.402,117.960,0.650767,-1,-1,-1
162,32,1457.589,549.888,44.747,113.534,0.676964,-1,-1,-1
163,32,1452.862,550.659,44.986,113.423,0.645739,-1,-1,-1
164,32,1448.347,549.737,45.484,114.191,0.624942,-1,-1,-1
165,32,1442.177,548.945,46.557,115.555,0.666327,-1,-1,-1
166,32,1436.682,549.294,46.888,115.510,0.679760,-1,-1,-1
167,32,1432.259,546.156,47.306,117.193,0.665778,-1,-1,-1
168,32,1427.740,544.339,46.928,117.184,0.664142,-1,-1,-1
169,32,1423.598,544.798,46.533,117.446,0.675890,-1,-1,-1
170,32,1418.977,541.724,47.016,120.221,0.674031,-1,-1,-1
171,32,1413.975,540.303,47.851,123.215,0.567025,-1,-1,-1
172,32,1408.961,536.419,48.259,125.757,0.620362,-1,-1,-1
173,32,1404.083,533.542,48.767,128.405,0.563087,-1,-1,-1
174,32,1400.816,532.261,49.378,130.960,0.638365,-1,-1,-1
175,32,1395.477,532.886,50.180,131.471,0.664452,-1,-1,-1
176,32,1391.120,535.480,50.199,129.553,0.676693,-1,-1,-1
177,32,1387.747,535.229,51.059,130.352,0.705433,-1,-1,-1
178,32,1386.697,535.549,51.237,130.572,0.671880,-1,-1,-1
178,36,293.725,542.744,36.826,81.185,0.608180,-1,-1,-1
179,32,1385.953,536.819,50.627,129.440,0.681026,-1,-1,-1
179,36,290.008,541.515,37.711,83.270,0.611882,-1,-1,-1
180,32,1383.682,536.179,50.700,130.334,0.704009,-1,-1,-1
180,36,285.752,544.146,37.063,81.866,0.563415,-1,-1,-1
181,32,1381.536,537.219,49.059,127.987,0.712418,-1,-1,-1
181,36,281.422,543.948,37.621,83.303,0.557011,-1,-1,-1
182,32,1378.221,538.100,48.454,127.788,0.727514,-1,-1,-1
182,36,275.612,544.535,37.579,83.465,0.593776,-1,-1,-1
183,32,1374.544,537.718,48.286,128.502,0.739859,-1,-1,-1
183,36,271.379,545.114,37.942,84.870,0.642058,-1,-1,-1
184,32,1371.548,537.155,48.076,129.435,0.763395,-1,-1,-1
184,36,266.829,547.163,37.548,84.371,0.622486,-1,-1,-1
185,32,1369.152,535.678,48.339,131.339,0.747453,-1,-1,-1
185,36,262.706,548.566,37.049,83.512,0.550982,-1,-1,-1
186,32,1367.200,535.295,48.079,132.353,0.719154,-1,-1,-1
186,36,259.143,548.360,37.406,84.657,0.522802,-1,-1,-1
187,32,1365.092,534.796,47.813,133.125,0.705141,-1,-1,-1
187,36,254.617,549.249,37.609,85.671,0.568993,-1,-1,-1
188,32,1363.276,535.032,47.839,134.251,0.675176,-1,-1,-1
188,36,249.909,550.596,37.637,86.261,0.566605,-1,-1,-1
189,32,1359.706,533.609,49.015,137.278,0.641708,-1,-1,-1
189,36,245.684,550.960,38.530,89.196,0.518089,-1,-1,-1
190,32,1357.811,534.692,48.844,136.007,0.675776,-1,-1,-1
190,36,241.611,550.813,38.903,90.461,0.553151,-1,-1,-1
191,32,1355.909,535.489,48.961,135.280,0.666296,-1,-1,-1
191,36,238.413,553.943,37.906,88.321,0.502019,-1,-1,-1
192,32,1354.535,540.851,47.406,129.557,0.626243,-1,-1,-1
192,36,235.100,554.092,37.868,88.053,0.534539,-1,-1,-1
193,32,1352.434,541.549,47.936,129.975,0.660310,-1,-1,-1
193,36,230.227,556.643,37.411,86.673,0.606451,-1,-1,-1
194,32,1350.084,542.726,47.600,128.627,0.672512,-1,-1,-1
194,36,226.418,559.806,36.745,85.540,0.588821,-1,-1,-1
195,32,1347.483,542.470,48.029,129.658,0.687510,-1,-1,-1
195,36,222.467,560.912,36.160,84.589,0.512244,-1,-1,-1
196,32,1345.888,543.024,48.215,130.818,0.678205,-1,-1,-1
196,36,218.845,561.986,36.718,86.317,0.465400,-1,-1,-1
197,32,1344.667,542.451,48.182,131.794,0.629266,-1,-1,-1
197,36,214.530,562.909,36.686,86.399,0.467201,-1,-1,-1
198,32,1344.224,543.658,46.688,128.660,0.494131,-1,-1,-1
198,36,211.452,563.652,36.217,85.840,0.539435,-1,-1,-1
199,32,1343.691,544.424,45.821,126.768,0.621805,-1,-1,-1
199,36,207.208,563.849,36.422,86.655,0.518642,-1,-1,-1
200,32,1342.797,545.951,45.706,126.583,0.626715,-1,-1,-1
200,36,203.475,564.641,37.218,88.425,0.472586,-1,-1,-1
201,32,1342.232,548.887,44.850,124.060,0.650262,-1,-1,-1
201,36,199.949,564.990,37.200,89.155,0.473480,-1,-1,-1
202,32,1340.602,549.485,45.063,124.444,0.676270,-1,-1,-1
202,36,194.869,564.582,38.131,91.572,0.605927,-1,-1,-1
202,37,1621.352,554.077,51.925,123.762,0.607204,-1,-1,-1
203,32,1339.705,552.264,44.271,120.905,0.705132,-1,-1,-1
203,36,191.205,565.010,38.667,92.225,0.557369,-1,-1,-1
203,37,1623.681,554.489,52.246,124.683,0.566386,-1,-1,-1
204,32,1338.661,552.257,44.726,121.273,0.716837,-1,-1,-1
204,36,188.478,566.475,38.592,91.827,0.561275,-1,-1,-1
204,37,1629.273,553.684,51.597,123.495,0.613543,-1,-1,-1
205,32,1337.013,548.996,46.041,124.641,0.726295,-1,-1,-1
205,36,183.576,567.757,38.281,91.201,0.573925,-1,-1,-1
205,37,1631.379,555.529,50.288,120.605,0.611488,-1,-1,-1
206,32,1336.516,548.848,46.315,125.215,0.737068,-1,-1,-1
206,36,179.556,568.762,38.275,90.721,0.575164,-1,-1,-1
206,37,1630.055,555.904,51.190,122.364,0.510095,-1,-1,-1
207,32,1335.236,549.797,46.736,126.365,0.759860,-1,-1,-1
207,36,174.424,570.881,38.860,92.089,0.572542,-1,-1,-1
207,37,1630.542,557.643,51.590,122.600,0.488243,-1,-1,-1
208,32,1334.170,548.574,47.760,128.779,0.747392,-1,-1,-1
208,36,169.839,571.558,38.955,92.367,0.560033,-1,-1,-1
208,37,1640.036,557.844,50.685,122.109,0.417077,-1,-1,-1
209,32,1332.502,546.248,48.999,132.100,0.746817,-1,-1,-1
209,36,166.266,570.835,39.206,93.001,0.524373,-1,-1,-1
209,37,1643.853,559.223,50.530,123.075,0.614172,-1,-1,-1
210,32,1330.984,544.081,49.691,134.326,0.744937,-1,-1,-1
210,36,162.817,571.684,39.138,93.349,0.456430,-1,-1,-1
210,37,1646.362,560.719,50.406,123.504,0.573142,-1,-1,-1
211,32,1330.040,545.553,49.272,133.734,0.763397,-1,-1,-1
211,36,160.014,571.785,40.007,94.881,0.572714,-1,-1,-1
211,37,1652.169,566.475,48.458,119.692,0.529588,-1,-1,-1
212,32,1329.273,547.180,48.840,132.340,0.738297,-1,-1,-1
212,36,156.821,571.785,40.242,95.362,0.604395,-1,-1,-1
212,37,1656.438,561.387,50.775,126.357,0.528109,-1,-1,-1
213,32,1329.656,549.059,48.674,131.681,0.734464,-1,-1,-1
213,36,154.299,572.731,40.237,95.233,0.552214,-1,-1,-1
213,37,1655.271,562.088,52.596,128.560,0.481586,-1,-1,-1
214,32,1330.527,548.504,49.281,133.427,0.675675,-1,-1,-1
214,36,151.937,574.637,40.069,94.575,0.594105,-1,-1,-1
214,37,1658.287,561.413,53.262,128.457,0.513241,-1,-1,-1
215,32,1330.746,549.055,49.768,134.812,0.677769,-1,-1,-1
215,36,149.695,573.461,40.189,95.005,0.591696,-1,-1,-1
215,37,1667.181,560.535,53.108,129.672,0.542750,-1,-1,-1
216,32,1332.037,551.299,49.663,134.970,0.668857,-1,-1,-1
216,36,147.036,574.907,39.091,93.047,0.425313,-1,-1,-1
216,37,1673.981,563.779,51.223,126.417,0.605129,-1,-1,-1
217,32,1332.919,551.724,49.756,135.529,0.701372,-1,-1,-1
217,36,142.722,574.412,39.462,94.811,0.476185,-1,-1,-1
217,37,1679.535,562.977,50.148,124.918,0.483519,-1,-1,-1
218,32,1334.720,550.802,49.521,135.559,0.745656,-1,-1,-1
218,36,140.126,574.653,39.158,94.360,0.489578,-1,-1,-1
218,37,1681.730,563.097,52.454,127.261,0.488965,-1,-1,-1
219,32,1336.345,551.241,49.515,136.290,0.761171,-1,-1,-1
219,36,139.722,574.191,39.321,94.893,0.486211,-1,-1,-1
219,37,1691.221,562.721,51.655,126.314,0.540025,-1,-1,-1
220,32,1338.462,550.286,50.065,138.358,0.762717,-1,-1,-1
220,36,138.139,576.078,39.329,95.165,0.459569,-1,-1,-1
220,37,1697.004,564.594,51.050,124.905,0.539236,-1,-1,-1
221,32,1340.977,549.228,50.676,141.065,0.753059,-1,-1,-1
221,36,134.437,575.438,39.921,96.681,0.464891,-1,-1,-1
221,37,1703.477,566.919,49.813,123.164,0.521792,-1,-1,-1
222,32,1343.955,547.402,49.810,140.127,0.757213,-1,-1,-1
222,36,131.120,574.911,40.588,98.462,0.481135,-1,-1,-1
222,37,1705.880,562.627,52.762,127.093,0.503251,-1,-1,-1
223,32,1346.216,547.617,49.529,140.008,0.755702,-1,-1,-1
223,36,129.228,575.202,40.391,98.251,0.502244,-1,-1,-1
223,37,1715.806,563.975,51.804,126.149,0.533650,-1,-1,-1
224,32,1348.198,545.614,49.724,141.230,0.756980,-1,-1,-1
224,36,129.319,577.880,40.066,97.124,0.471921,-1,-1,-1
224,37,1721.618,562.641,51.515,126.084,0.478172,-1,-1,-1
225,32,1350.958,546.349,49.010,139.197,0.748456,-1,-1,-1
225,36,128.077,578.633,40.132,97.236,0.499395,-1,-1,-1
225,37,1729.888,557.448,52.999,129.142,0.542915,-1,-1,-1
226,32,1352.990,547.694,48.456,137.684,0.700824,-1,-1,-1
226,36,128.019,584.852,39.364,94.348,0.423764,-1,-1,-1
226,37,1735.488,558.321,52.892,126.818,0.511147,-1,-1,-1
227,32,1354.988,548.007,49.021,139.268,0.748319,-1,-1,-1
227,36,123.173,585.788,39.895,95.608,0.309825,-1,-1,-1
227,37,1744.168,559.241,52.337,126.389,0.523605,-1,-1,-1
228,32,1356.622,549.384,49.615,141.496,0.746270,-1,-1,-1
228,36,119.010,587.270,39.835,96.073,0.337337,-1,-1,-1
228,37,1751.899,555.823,53.336,128.688,0.543430,-1,-1,-1
229,32,1358.625,549.149,49.430,141.257,0.745404,-1,-1,-1
229,36,116.560,587.607,39.631,96.411,0.406650,-1,-1,-1
229,37,1756.857,558.117,53.866,128.065,0.502811,-1,-1,-1
230,32,1362.113,550.304,49.176,140.734,0.749074,-1,-1,-1
230,36,115.024,588.039,39.355,97.214,0.300854,-1,-1,-1
230,37,1765.630,556.929,53.553,127.440,0.539721,-1,-1,-1
231,32,1364.586,552.584,48.656,138.728,0.734487,-1,-1,-1
231,36,114.670,589.164,39.047,97.270,0.333813,-1,-1,-1
231,37,1775.374,554.916,54.826,130.246,0.558969,-1,-1,-1
232,32,1367.124,553.655,48.540,138.537,0.734911,-1,-1,-1
232,37,1781.669,554.710,56.162,131.306,0.517952,-1,-1,-1
233,32,1368.887,552.749,49.257,140.803,0.766093,-1,-1,-1
233,37,1792.076,557.638,55.373,128.937,0.537021,-1,-1,-1
234,32,1371.412,554.086,48.557,138.724,0.704131,-1,-1,-1
234,37,1797.919,560.081,56.440,128.953,0.453164,-1,-1,-1
235,32,1375.405,554.942,48.054,136.969,0.663567,-1,-1,-1
235,37,1809.031,560.329,56.387,128.944,0.459891,-1,-1,-1
236,32,1379.561,554.069,48.411,136.765,0.702763,-1,-1,-1
236,37,1823.494,555.018,55.209,126.100,0.526735,-1,-1,-1
237,32,1382.990,553.046,49.153,137.169,0.699895,-1,-1,-1
237,37,1835.528,550.606,55.555,126.412,0.503400,-1,-1,-1
238,32,1385.758,553.913,49.085,136.714,0.713375,-1,-1,-1
238,37,1844.979,547.727,58.913,134.728,0.506955,-1,-1,-1
239,32,1388.022,554.393,49.402,137.153,0.684177,-1,-1,-1
239,37,1851.217,546.022,61.411,139.716,0.465093,-1,-1,-1
240,32,1390.763,551.632,50.708,141.276,0.721685,-1,-1,-1
240,37,1862.985,544.407,58.834,134.638,0.451233,-1,-1,-1
241,32,1394.759,549.316,51.483,144.589,0.755160,-1,-1,-1
241,37,1868.278,546.669,58.686,136.626,0.476676,-1,-1,-1
242,32,1399.533,549.096,51.626,145.884,0.674624,-1,-1,-1
243,32,1404.210,551.142,50.524,143.449,0.690087,-1,-1,-1
244,32,1409.931,554.771,49.238,139.917,0.714028,-1,-1,-1
245,32,1415.822,556.401,48.719,139.221,0.765461,-1,-1,-1
246,32,1421.566,555.640,49.016,140.842,0.761929,-1,-1,-1
247,32,1426.840,556.643,48.916,141.127,0.741457,-1,-1,-1
248,32,1433.287,557.328,48.926,141.652,0.756067,-1,-1,-1
249,32,1438.896,555.676,49.661,144.902,0.794769,-1,-1,-1
250,32,1445.294,550.798,50.664,148.817,0.721765,-1,-1,-1
251,32,1451.142,546.383,51.937,155.659,0.752744,-1,-1,-1
252,32,1458.493,548.611,50.379,152.322,0.740378,-1,-1,-1
253,32,1465.432,543.182,51.124,156.631,0.745460,-1,-1,-1
254,32,1471.244,540.618,51.198,158.287,0.703274,-1,-1,-1
255,32,1478.485,537.223,50.262,157.161,0.711426,-1,-1,-1
256,32,1487.127,538.983,49.766,156.412,0.725714,-1,-1,-1
257,32,1495.814,538.989,48.644,154.106,0.708303,-1,-1,-1
258,32,1504.995,544.593,47.645,151.229,0.642343,-1,-1,-1
259,32,1514.166,550.600,46.583,145.943,0.593947,-1,-1,-1
260,32,1519.406,551.813,48.759,146.992,0.669389,-1,-1,-1
261,32,1527.921,554.621,49.928,145.358,0.576548,-1,-1,-1
262,32,1534.542,562.978,49.997,136.059,0.439788,-1,-1,-1
276,38,19.372,601.095,46.428,104.864,0.627907,-1,-1,-1
277,38,20.713,599.974,47.257,106.753,0.605606,-1,-1,-1
278,38,21.891,599.072,48.210,108.962,0.595637,-1,-1,-1
279,38,24.539,599.271,48.585,109.839,0.605831,-1,-1,-1
280,38,26.127,600.488,49.297,111.560,0.628618,-1,-1,-1
281,38,27.114,602.247,49.842,112.679,0.628609,-1,-1,-1
282,38,29.240,605.078,49.228,111.277,0.618175,-1,-1,-1
283,38,31.628,609.649,48.242,109.024,0.602484,-1,-1,-1
284,38,33.463,611.132,48.465,109.657,0.639425,-1,-1,-1
284,41,1801.412,609.744,91.772,244.777,0.747945,-1,-1,-1
285,38,35.451,612.848,48.505,110.095,0.638826,-1,-1,-1
285,41,1820.857,612.662,92.164,245.890,0.810810,-1,-1,-1
285,42,1765.881,551.296,57.920,183.060,0.644830,-1,-1,-1
286,38,36.369,613.953,49.003,111.481,0.646385,-1,-1,-1
286,41,1834.511,611.880,93.560,251.098,0.745518,-1,-1,-1
286,42,1777.429,548.200,59.636,188.352,0.714168,-1,-1,-1
287,38,38.106,614.759,49.388,112.335,0.632332,-1,-1,-1
287,41,1846.960,615.647,92.289,251.680,0.701315,-1,-1,-1
287,42,1794.539,548.887,60.544,191.154,0.702015,-1,-1,-1
288,38,40.075,615.811,49.535,112.259,0.612570,-1,-1,-1
288,42,1808.344,548.699,61.914,194.510,0.671569,-1,-1,-1
289,38,40.874,616.041,50.206,113.652,0.569705,-1,-1,-1
289,42,1821.771,545.802,63.062,197.773,0.727929,-1,-1,-1
290,38,42.758,614.521,51.236,115.779,0.609782,-1,-1,-1
290,42,1837.424,544.847,64.122,199.512,0.760796,-1,-1,-1
291,38,45.452,614.793,52.427,118.054,0.615159,-1,-1,-1
291,42,1848.584,540.203,65.176,203.817,0.757253,-1,-1,-1
292,38,46.308,613.980,53.726,121.045,0.663383,-1,-1,-1
292,42,1859.517,541.212,65.247,205.528,0.712935,-1,-1,-1
293,38,47.832,615.811,54.307,122.620,0.650814,-1,-1,-1
293,42,1868.977,540.982,64.381,208.062,0.624421,-1,-1,-1
294,38,49.282,619.301,53.724,121.131,0.600331,-1,-1,-1
295,38,50.282,621.337,53.469,119.754,0.614436,-1,-1,-1
296,38,51.487,622.034,53.666,119.235,0.563502,-1,-1,-1
297,38,51.912,622.713,54.406,120.141,0.608976,-1,-1,-1
298,38,51.939,622.892,54.727,120.275,0.608159,-1,-1,-1
299,38,52.200,623.804,54.673,119.569,0.615465,-1,-1,-1
300,38,51.940,622.173,56.185,122.595,0.586688,-1,-1,-1
301,38,50.785,624.548,56.203,122.777,0.504377,-1,-1,-1
302,38,50.504,624.475,56.802,123.885,0.491966,-1,-1,-1
303,38,48.121,627.864,56.789,124.079,0.465220,-1,-1,-1
304,38,47.760,628.774,56.573,123.806,0.447991,-1,-1,-1
305,38,50.902,634.718,55.207,119.783,0.462082,-1,-1,-1
306,38,50.630,636.924,54.723,118.007,0.434527,-1,-1,-1
307,38,48.895,636.873,56.250,120.666,0.480811,-1,-1,-1
308,38,47.378,638.113,58.572,125.233,0.554637,-1,-1,-1
309,38,46.208,638.213,59.293,126.459,0.616388,-1,-1,-1
310,38,45.133,639.463,59.607,126.759,0.595546,-1,-1,-1
311,38,44.050,642.056,60.051,126.917,0.629156,-1,-1,-1
312,38,42.548,642.550,60.163,126.722,0.579943,-1,-1,-1
313,38,41.337,644.123,61.349,128.749,0.641610,-1,-1,-1
314,38,39.301,645.993,61.353,128.847,0.543874,-1,-1,-1
315,38,37.766,646.266,61.337,129.146,0.543766,-1,-1,-1
316,38,34.918,646.651,61.339,129.984,0.417601,-1,-1,-1
317,38,33.527,647.238,61.138,130.837,0.399745,-1,-1,-1
318,38,32.720,648.327,60.910,131.440,0.465965,-1,-1,-1
319,38,31.615,649.699,60.384,131.545,0.441930,-1,-1,-1
320,38,29.301,649.288,61.026,133.522,0.450165,-1,-1,-1
321,38,27.098,649.719,61.734,135.337,0.509205,-1,-1,-1
322,38,24.845,650.051,61.992,136.264,0.472023,-1,-1,-1
323,38,21.810,649.574,62.560,137.757,0.517858,-1,-1,-1
324,38,18.252,648.296,62.686,138.303,0.510052,-1,-1,-1
325,38,16.111,649.020,62.245,137.201,0.518076,-1,-1,-1
326,38,12.477,648.568,62.203,137.378,0.560087,-1,-1,-1
327,38,9.475,648.415,62.144,137.421,0.615825,-1,-1,-1
328,38,7.486,652.729,60.914,134.579,0.602961,-1,-1,-1
328,43,1419.915,596.446,64.353,155.410,0.602099,-1,-1,-1
329,38,6.385,651.094,60.320,135.437,0.484496,-1,-1,-1
329,43,1420.293,598.276,63.280,152.776,0.580243,-1,-1,-1
330,38,3.646,652.863,58.351,132.586,0.515336,-1,-1,-1
330,43,1421.776,597.770,63.721,154.223,0.506965,-1,-1,-1
331,38,1.696,652.830,57.718,132.813,0.514865,-1,-1,-1
331,43,1425.709,597.886,63.497,154.404,0.644669,-1,-1,-1
332,38,-1.612,648.859,56.678,133.074,0.516141,-1,-1,-1
332,43,1429.277,601.392,61.765,150.750,0.626674,-1,-1,-1
333,38,-4.474,647.332,55.575,133.479,0.568032,-1,-1,-1
333,43,1430.057,598.315,63.439,155.052,0.523896,-1,-1,-1
334,38,-6.362,647.377,53.599,132.585,0.576767,-1,-1,-1
334,43,1426.928,596.172,64.977,157.954,0.521061,-1,-1,-1
335,38,-8.299,647.129,51.820,133.196,0.492127,-1,-1,-1
335,43,1424.892,595.142,66.996,159.448,0.342746,-1,-1,-1
336,38,-9.598,648.431,49.897,133.981,0.537476,-1,-1,-1
336,43,1427.929,590.526,69.908,163.784,0.572214,-1,-1,-1
337,43,1431.845,592.206,71.856,167.018,0.661793,-1,-1,-1
338,43,1436.470,593.438,73.060,167.254,0.565535,-1,-1,-1
339,43,1437.776,597.651,75.045,167.699,0.719099,-1,-1,-1
340,43,1440.004,597.651,77.182,169.632,0.752581,-1,-1,-1
341,43,1441.001,600.809,78.824,171.555,0.735489,-1,-1,-1
342,43,1433.927,602.719,81.629,175.360,0.692953,-1,-1,-1
343,43,1438.716,611.543,79.168,172.015,0.604083,-1,-1,-1
344,43,1440.418,616.718,78.303,171.613,0.675345,-1,-1,-1
345,43,1440.476,619.441,80.446,178.994,0.613440,-1,-1,-1
346,43,1437.727,622.755,80.462,181.759,0.591181,-1,-1,-1
347,43,1434.070,626.944,81.543,185.065,0.599329,-1,-1,-1
348,43,1438.437,631.046,80.426,187.037,0.656367,-1,-1,-1
349,43,1439.771,635.236,80.762,190.682,0.687501,-1,-1,-1
350,43,1442.221,639.365,80.808,191.135,0.650294,-1,-1,-1
351,43,1443.035,645.419,80.583,189.364,0.704228,-1,-1,-1
352,43,1438.132,650.089,82.532,190.287,0.659393,-1,-1,-1
353,43,1440.870,652.879,84.010,191.685,0.667615,-1,-1,-1
354,43,1445.065,656.661,85.360,195.768,0.689374,-1,-1,-1
355,43,1446.113,658.352,85.556,196.582,0.656555,-1,-1,-1
356,43,1445.582,660.263,87.249,198.679,0.695236,-1,-1,-1
357,43,1448.273,665.990,86.953,198.142,0.757230,-1,-1,-1
358,43,1449.883,671.542,85.298,195.029,0.784223,-1,-1,-1
358,45,1579.546,648.178,84.624,190.873,0.625537,-1,-1,-1
359,43,1449.945,680.140,84.171,193.704,0.667734,-1,-1,-1
359,45,1582.291,650.292,86.295,194.362,0.668308,-1,-1,-1
360,43,1451.025,684.608,83.257,193.642,0.721275,-1,-1,-1
360,45,1583.801,655.683,87.603,197.035,0.618577,-1,-1,-1
361,43,1450.141,687.352,83.651,197.832,0.734785,-1,-1,-1
361,45,1584.556,661.497,87.480,196.236,0.677996,-1,-1,-1
362,43,1450.128,685.750,85.168,203.642,0.732023,-1,-1,-1
362,45,1583.956,662.779,89.573,201.045,0.644289,-1,-1,-1
363,43,1449.427,683.068,88.338,214.968,0.740611,-1,-1,-1
363,45,1582.727,663.005,90.915,204.915,0.562452,-1,-1,-1
364,43,1449.182,687.961,89.781,220.253,0.758426,-1,-1,-1
364,45,1577.882,663.643,93.504,212.734,0.629152,-1,-1,-1
365,43,1449.498,692.544,90.394,221.146,0.698813,-1,-1,-1
365,45,1575.935,666.275,93.341,215.072,0.597529,-1,-1,-1
366,43,1450.896,697.696,91.884,223.520,0.725322,-1,-1,-1
366,45,1573.082,665.953,93.578,218.623,0.673708,-1,-1,-1
367,43,1453.998,705.210,91.611,222.744,0.710727,-1,-1,-1
367,45,1571.155,664.260,97.105,229.873,0.649830,-1,-1,-1
368,43,1456.329,711.330,91.931,223.743,0.712670,-1,-1,-1
368,45,1570.591,665.011,98.581,235.651,0.630392,-1,-1,-1
369,43,1459.411,712.629,93.175,227.932,0.570709,-1,-1,-1
369,45,1571.249,665.124,98.931,239.120,0.631567,-1,-1,-1
370,43,1460.683,716.517,93.983,230.246,0.638308,-1,-1,-1
370,45,1567.683,664.555,100.162,241.591,0.656520,-1,-1,-1
371,43,1462.068,720.070,93.916,230.511,0.718593,-1,-1,-1
371,45,1565.723,667.285,100.661,239.726,0.694708,-1,-1,-1
372,43,1462.286,721.844,94.718,232.558,0.724395,-1,-1,-1
372,45,1563.410,669.469,102.831,241.831,0.666857,-1,-1,-1
373,43,1461.539,722.294,95.784,235.102,0.723875,-1,-1,-1
373,45,1565.059,672.021,104.616,244.731,0.684700,-1,-1,-1
374,43,1458.132,724.129,96.666,237.369,0.713776,-1,-1,-1
374,45,1564.535,677.231,105.403,244.917,0.654707,-1,-1,-1
375,43,1453.899,725.965,96.458,239.510,0.704367,-1,-1,-1
375,45,1563.504,676.464,105.980,246.290,0.632984,-1,-1,-1
376,43,1451.657,727.664,95.817,241.696,0.701981,-1,-1,-1
376,45,1560.891,679.360,105.263,244.904,0.610771,-1,-1,-1
377,43,1450.574,727.758,96.188,246.482,0.678396,-1,-1,-1
377,45,1557.157,683.171,102.762,239.538,0.596926,-1,-1,-1
378,43,1450.477,728.106,96.779,252.481,0.644533,-1,-1,-1
378,45,1551.908,684.583,103.859,242.832,0.649910,-1,-1,-1
379,43,1449.268,727.924,97.636,259.803,0.668809,-1,-1,-1
379,45,1545.219,681.076,104.616,247.703,0.707225,-1,-1,-1
380,43,1447.435,727.295,98.082,266.113,0.692836,-1,-1,-1
380,45,1539.299,681.054,105.206,251.405,0.664287,-1,-1,-1
381,43,1449.353,728.671,98.318,268.515,0.705042,-1,-1,-1
381,45,1527.350,681.110,105.795,257.429,0.615029,-1,-1,-1
382,43,1447.910,732.300,97.983,269.513,0.686534,-1,-1,-1
382,45,1523.392,679.966,104.224,260.048,0.585539,-1,-1,-1
383,43,1447.432,737.202,97.769,269.065,0.716135,-1,-1,-1
383,45,1521.653,685.551,100.280,254.214,0.560234,-1,-1,-1
383,50,1320.391,649.903,59.859,186.698,0.666787,-1,-1,-1
384,43,1446.056,741.015,98.771,270.962,0.734804,-1,-1,-1
384,45,1516.453,685.679,100.723,257.977,0.585135,-1,-1,-1
384,50,1316.085,648.875,60.220,188.282,0.672696,-1,-1,-1
385,43,1442.613,743.183,99.200,271.987,0.748132,-1,-1,-1
385,45,1515.681,688.769,98.656,254.041,0.605420,-1,-1,-1
386,43,1435.646,746.241,99.586,274.178,0.748716,-1,-1,-1
386,45,1512.761,693.813,98.349,253.477,0.570112,-1,-1,-1
387,43,1430.776,747.602,99.263,275.645,0.702452,-1,-1,-1
387,45,1507.137,694.886,99.228,256.288,0.655315,-1,-1,-1
388,43,1426.828,748.129,100.103,280.755,0.660492,-1,-1,-1
388,45,1498.027,686.484,104.084,269.193,0.597423,-1,-1,-1
389,43,1423.954,748.300,101.721,287.847,0.593112,-1,-1,-1
389,45,1491.274,684.969,106.560,273.968,0.640571,-1,-1,-1
390,43,1417.650,750.133,102.861,291.373,0.609455,-1,-1,-1
390,45,1488.716,690.117,105.214,269.640,0.561236,-1,-1,-1
391,43,1412.510,752.654,105.587,296.899,0.577439,-1,-1,-1
391,45,1488.065,706.921,99.139,250.256,0.566438,-1,-1,-1
392,43,1403.488,756.431,106.086,297.529,0.673500,-1,-1,-1
392,45,1479.259,709.111,100.943,251.749,0.519779,-1,-1,-1
393,43,1398.911,761.680,106.761,297.749,0.651475,-1,-1,-1
394,43,1390.706,765.188,107.211,299.655,0.583108,-1,-1,-1
395,43,1380.893,768.224,107.195,301.733,0.678988,-1,-1,-1
396,43,1373.711,772.188,107.401,302.919,0.746141,-1,-1,-1
397,43,1365.742,773.935,107.695,305.406,0.643967,-1,-1,-1
398,43,1360.040,772.604,108.572,306.496,0.533251,-1,-1,-1
399,43,1351.491,771.070,110.235,310.869,0.333462,-1,-1,-1
400,43,1342.865,771.975,110.348,310.789,0.385553,-1,-1,-1
401,43,1329.842,773.144,110.322,309.129,0.565345,-1,-1,-1
401,55,1282.808,554.431,42.141,129.991,0.661946,-1,-1,-1
402,43,1320.308,776.770,109.689,305.378,0.644820,-1,-1,-1
402,55,1274.286,553.007,42.000,129.198,0.493919,-1,-1,-1
402,56,1085.147,656.961,84.481,250.831,0.652322,-1,-1,-1
403,43,1310.292,768.252,113.537,313.071,0.640693,-1,-1,-1
403,55,1264.311,554.122,41.656,128.272,0.462753,-1,-1,-1
403,56,1070.954,657.055,93.138,275.573,0.664718,-1,-1,-1
404,43,1296.148,768.615,114.825,312.305,0.731084,-1,-1,-1
404,55,1254.183,549.523,42.364,130.234,0.494733,-1,-1,-1
404,56,1066.700,660.047,95.724,283.507,0.671641,-1,-1,-1
405,43,1278.716,779.220,114.464,302.506,0.620994,-1,-1,-1
405,55,1242.220,547.390,43.252,133.683,0.492022,-1,-1,-1
405,56,1049.919,661.026,96.319,284.134,0.630402,-1,-1,-1
406,43,1245.809,783.004,119.538,298.064,0.577858,-1,-1,-1
406,55,1231.809,548.177,42.221,130.118,0.619662,-1,-1,-1
406,56,1027.611,662.511,97.760,285.435,0.746737,-1,-1,-1
407,43,1220.724,782.701,126.005,298.315,0.612316,-1,-1,-1
407,55,1219.799,544.557,44.463,137.259,0.524762,-1,-1,-1
407,56,1009.345,664.925,99.664,287.495,0.551675,-1,-1,-1
408,43,1213.343,791.532,125.745,288.736,0.567847,-1,-1,-1
408,55,1208.198,546.127,43.683,134.089,0.575702,-1,-1,-1
408,56,999.176,667.971,100.542,289.542,0.628686,-1,-1,-1
409,43,1202.228,793.233,126.985,287.727,0.703260,-1,-1,-1
409,55,1196.169,544.202,44.852,137.457,0.556908,-1,-1,-1
409,56,977.818,667.039,102.905,292.861,0.684174,-1,-1,-1
410,43,1192.638,805.921,122.369,275.510,0.544088,-1,-1,-1
410,55,1183.538,543.808,44.791,136.646,0.567339,-1,-1,-1
410,56,954.332,669.190,104.480,294.773,0.711943,-1,-1,-1
411,43,1176.055,814.427,120.048,266.043,0.738984,-1,-1,-1
411,55,1170.273,541.745,45.860,140.054,0.398218,-1,-1,-1
411,56,938.622,670.514,105.017,294.380,0.542805,-1,-1,-1
412,43,1160.297,824.031,116.804,255.194,0.699555,-1,-1,-1
412,55,1156.288,541.414,45.378,137.439,0.515703,-1,-1,-1
412,56,917.264,668.728,109.527,300.659,0.677957,-1,-1,-1
413,43,1133.390,819.306,121.808,261.254,0.599248,-1,-1,-1
413,55,1140.892,542.398,45.500,138.112,0.451879,-1,-1,-1
413,56,902.423,670.746,110.941,300.398,0.661448,-1,-1,-1
414,43,1119.814,825.841,119.428,254.953,0.670109,-1,-1,-1
414,56,873.583,672.473,111.789,302.327,0.700866,-1,-1,-1
415,43,1091.407,823.817,122.115,256.545,0.563551,-1,-1,-1
415,56,846.682,672.931,113.322,304.867,0.716608,-1,-1,-1
415,59,1169.807,537.179,51.160,117.507,0.629850,-1,-1,-1
416,43,1074.181,828.523,119.868,250.155,0.642185,-1,-1,-1
416,56,817.116,673.634,114.017,307.758,0.755274,-1,-1,-1
417,43,1042.766,831.886,120.979,246.641,0.539655,-1,-1,-1
417,56,787.915,676.150,114.213,308.735,0.730420,-1,-1,-1
418,43,1024.125,835.100,120.505,245.168,0.661538,-1,-1,-1
418,56,757.589,676.998,114.978,311.371,0.794576,-1,-1,-1
419,43,1006.247,837.950,118.494,242.946,0.664336,-1,-1,-1
419,56,725.228,678.239,117.070,315.301,0.799585,-1,-1,-1
420,43,978.750,838.888,118.058,242.224,0.712386,-1,-1,-1
420,56,695.497,680.828,118.288,315.852,0.766292,-1,-1,-1
421,43,949.884,836.792,119.056,244.384,0.657932,-1,-1,-1
421,56,665.616,681.726,120.045,317.861,0.782795,-1,-1,-1
421,61,1756.287,579.205,69.900,201.725,0.645268,-1,-1,-1
421,55,1077.991,533.469,41.198,117.963,0.650204,-1,-1,-1
422,43,921.392,844.340,116.168,236.783,0.768711,-1,-1,-1
422,56,635.869,680.803,124.654,325.541,0.811949,-1,-1,-1
422,55,1061.034,530.991,42.208,116.570,0.580656,-1,-1,-1
423,43,890.339,849.612,114.553,231.534,0.749658,-1,-1,-1
423,56,607.416,683.604,125.541,325.315,0.745261,-1,-1,-1
423,55,1043.274,529.398,44.632,118.197,0.555315,-1,-1,-1
424,43,862.756,856.964,111.554,224.178,0.710502,-1,-1,-1
424,56,575.251,688.155,127.465,325.022,0.765231,-1,-1,-1
424,55,1024.574,529.639,45.875,116.610,0.579620,-1,-1,-1
424,63,1543.163,610.814,65.388,169.979,0.604336,-1,-1,-1
425,43,830.317,862.907,109.721,218.220,0.747572,-1,-1,-1
425,56,535.791,688.273,131.208,329.587,0.740412,-1,-1,-1
425,55,1003.786,528.878,48.017,119.896,0.531114,-1,-1,-1
425,63,1526.929,610.213,65.274,169.652,0.615774,-1,-1,-1
426,43,798.531,868.493,108.033,212.619,0.712803,-1,-1,-1
426,56,490.633,692.731,131.049,329.653,0.608007,-1,-1,-1
426,55,984.154,528.405,49.204,120.734,0.563304,-1,-1,-1
426,63,1509.672,610.714,64.223,167.147,0.568218,-1,-1,-1
426,64,1659.287,578.102,71.029,201.923,0.667099,-1,-1,-1
427,43,765.040,874.143,106.579,206.954,0.497673,-1,-1,-1
427,56,459.511,697.111,137.274,333.653,0.691242,-1,-1,-1
427,55,963.909,530.566,49.609,120.578,0.506745,-1,-1,-1
427,63,1491.572,609.271,65.565,170.576,0.536935,-1,-1,-1
428,43,730.975,884.714,102.748,195.934,0.536999,-1,-1,-1
428,56,426.418,700.439,143.442,339.960,0.571115,-1,-1,-1
428,55,943.509,530.766,51.205,123.203,0.522358,-1,-1,-1
428,63,1472.800,608.793,66.391,172.818,0.435221,-1,-1,-1
429,43,696.090,893.571,99.759,186.800,0.658024,-1,-1,-1
429,56,391.246,704.186,135.525,322.979,0.422690,-1,-1,-1
429,55,922.815,531.210,52.007,124.823,0.432099,-1,-1,-1
429,63,1455.628,610.169,68.812,178.888,0.465182,-1,-1,-1
430,43,654.335,904.081,97.774,176.380,0.665231,-1,-1,-1
430,56,343.835,708.634,141.943,331.455,0.722051,-1,-1,-1
430,55,899.723,531.584,53.132,126.133,0.325242,-1,-1,-1
430,63,1438.948,612.038,71.026,184.772,0.618477,-1,-1,-1
431,43,621.935,915.195,92.737,164.932,0.531557,-1,-1,-1
431,56,306.169,713.481,140.691,329.216,0.572578,-1,-1,-1
431,63,1418.298,615.888,71.043,183.979,0.484610,-1,-1,-1
432,43,583.800,926.073,88.457,154.422,0.639145,-1,-1,-1
432,56,259.672,717.031,148.870,344.626,0.332633,-1,-1,-1
432,63,1404.807,618.879,70.665,181.338,0.441257,-1,-1,-1
433,43,542.689,937.466,84.769,143.399,0.646172,-1,-1,-1
433,56,221.022,725.138,144.476,331.574,0.564839,-1,-1,-1
433,63,1387.239,625.466,71.133,180.395,0.376471,-1,-1,-1
434,43,500.402,948.581,80.083,130.482,0.623868,-1,-1,-1
434,56,156.554,729.686,142.368,337.845,0.666660,-1,-1,-1
434,63,1368.942,626.921,73.339,182.815,0.563658,-1,-1,-1
434,67,301.457,879.250,202.436,201.750,0.739325,-1,-1,-1
435,43,453.120,960.962,76.801,118.965,0.615043,-1,-1,-1
435,56,103.471,735.228,139.599,341.262,0.687280,-1,-1,-1
435,63,1349.895,630.121,73.675,181.626,0.560929,-1,-1,-1
435,67,269.334,887.680,193.706,193.320,0.712402,-1,-1,-1
436,43,403.506,969.333,75.717,111.369,0.586264,-1,-1,-1
436,56,51.432,737.250,137.240,343.074,0.732968,-1,-1,-1
436,63,1331.500,632.407,74.911,181.826,0.607896,-1,-1,-1
436,67,229.389,894.208,186.257,186.792,0.774481,-1,-1,-1
437,43,349.527,978.504,71.770,101.338,0.518287,-1,-1,-1
437,56,6.647,740.458,136.628,342.198,0.742637,-1,-1,-1
437,63,1310.317,634.080,76.462,182.690,0.675821,-1,-1,-1
437,67,182.511,904.008,175.930,176.992,0.778879,-1,-1,-1
438,63,1288.481,633.135,77.682,184.536,0.593628,-1,-1,-1
438,67,129.223,913.517,166.084,167.483,0.747317,-1,-1,-1
439,63,1266.912,633.680,77.228,183.621,0.590141,-1,-1,-1
439,67,72.721,922.190,157.344,158.810,0.772266,-1,-1,-1
440,63,1245.147,634.948,79.685,189.731,0.539616,-1,-1,-1
440,67,14.496,932.176,148.294,148.824,0.736774,-1,-1,-1
440,70,1160.766,654.795,87.167,238.837,0.682102,-1,-1,-1
441,63,1223.151,634.847,80.904,194.688,0.534993,-1,-1,-1
441,67,-21.956,942.844,134.835,138.156,0.577026,-1,-1,-1
441,70,1140.185,657.329,87.491,239.164,0.763015,-1,-1,-1
442,63,1204.429,637.543,79.937,194.566,0.519249,-1,-1,-1
442,67,-38.366,900.496,170.564,179.317,0.659456,-1,-1,-1
442,70,1115.035,668.815,84.909,230.755,0.768177,-1,-1,-1
443,63,1183.665,638.180,80.340,197.497,0.680308,-1,-1,-1
443,70,1093.727,675.733,84.148,226.127,0.782504,-1,-1,-1
444,63,1162.341,639.785,79.749,197.449,0.712434,-1,-1,-1
444,70,1065.400,678.706,86.179,229.201,0.715796,-1,-1,-1
445,63,1139.222,638.920,81.345,202.758,0.651713,-1,-1,-1
445,70,1036.160,679.521,88.049,232.825,0.771412,-1,-1,-1
446,63,1116.794,641.517,80.296,201.344,0.679777,-1,-1,-1
446,70,1005.741,678.594,90.923,239.617,0.773040,-1,-1,-1
446,76,1188.849,604.285,67.271,222.140,0.672411,-1,-1,-1
447,63,1090.686,644.732,80.537,202.911,0.683361,-1,-1,-1
447,70,976.365,675.011,94.324,249.143,0.643876,-1,-1,-1
447,76,1164.339,602.452,67.819,223.659,0.695339,-1,-1,-1
448,63,1067.010,642.618,80.457,204.473,0.631495,-1,-1,-1
448,70,944.900,673.214,95.922,253.806,0.679972,-1,-1,-1
448,76,1132.592,604.812,66.891,220.595,0.660837,-1,-1,-1
449,63,1042.383,641.368,81.742,208.229,0.634872,-1,-1,-1
449,70,917.158,672.280,100.748,265.075,0.689623,-1,-1,-1
449,76,1101.453,606.836,66.455,219.624,0.566834,-1,-1,-1
450,63,1019.478,643.446,79.117,203.694,0.521647,-1,-1,-1
450,70,885.060,676.235,98.756,260.191,0.648317,-1,-1,-1
450,76,1071.903,607.625,66.173,219.672,0.462475,-1,-1,-1
451,63,992.931,638.562,83.138,213.208,0.523382,-1,-1,-1
451,70,849.469,682.424,100.391,267.069,0.765040,-1,-1,-1
451,76,1038.795,608.384,68.198,227.834,0.317413,-1,-1,-1
451,78,1822.489,775.884,86.086,304.174,0.840137,-1,-1,-1
452,63,965.754,622.498,90.197,232.682,0.445096,-1,-1,-1
452,70,820.169,687.536,101.876,270.559,0.802818,-1,-1,-1
452,78,1807.423,775.369,87.094,303.488,0.855334,-1,-1,-1
453,63,941.690,619.655,91.731,237.126,0.561418,-1,-1,-1
453,70,790.324,692.944,101.824,269.319,0.735735,-1,-1,-1
453,78,1788.584,774.688,90.051,304.639,0.848821,-1,-1,-1
454,63,912.995,615.395,93.319,244.828,0.674274,-1,-1,-1
454,70,754.680,696.388,102.748,271.512,0.777306,-1,-1,-1
454,78,1761.184,772.718,94.379,307.527,0.856154,-1,-1,-1
455,63,885.337,617.216,93.140,247.755,0.728656,-1,-1,-1
455,70,718.563,699.853,103.252,273.862,0.785383,-1,-1,-1
455,78,1730.061,773.001,98.611,307.766,0.852324,-1,-1,-1
456,63,856.891,615.101,92.726,250.923,0.691188,-1,-1,-1
456,70,677.087,698.090,106.895,288.321,0.783562,-1,-1,-1
456,78,1694.771,768.921,104.466,311.346,0.858470,-1,-1,-1
457,63,826.358,620.726,92.546,251.495,0.578618,-1,-1,-1
457,70,637.333,697.843,110.201,303.329,0.772240,-1,-1,-1
457,78,1657.262,763.514,111.110,316.656,0.852390,-1,-1,-1
458,63,796.050,622.214,93.752,255.997,0.700739,-1,-1,-1
458,70,603.113,701.078,112.950,313.873,0.740663,-1,-1,-1
458,78,1620.010,761.414,116.906,318.385,0.850469,-1,-1,-1
459,63,772.143,658.620,83.291,223.812,0.476815,-1,-1,-1
459,70,562.933,704.507,114.826,322.435,0.735314,-1,-1,-1
459,78,1581.972,756.918,123.901,323.688,0.850202,-1,-1,-1
460,63,738.668,668.864,83.193,219.098,0.604608,-1,-1,-1
460,70,518.639,707.676,117.417,333.361,0.735521,-1,-1,-1
460,78,1544.401,757.517,128.833,323.262,0.853633,-1,-1,-1
461,63,704.626,650.996,90.924,242.301,0.697870,-1,-1,-1
461,70,474.124,721.077,116.524,332.513,0.710295,-1,-1,-1
461,78,1506.451,759.901,132.671,321.066,0.864908,-1,-1,-1
462,63,671.004,640.572,96.082,257.893,0.589004,-1,-1,-1
462,70,432.250,731.581,116.155,328.945,0.756044,-1,-1,-1
462,78,1471.194,770.477,133.347,310.555,0.850516,-1,-1,-1
463,63,640.209,646.482,97.711,259.342,0.721213,-1,-1,-1
463,70,389.781,739.676,117.597,329.940,0.775826,-1,-1,-1
463,78,1435.491,784.977,132.275,296.073,0.848620,-1,-1,-1
464,63,605.661,645.843,100.773,265.281,0.678806,-1,-1,-1
464,70,346.318,748.966,119.806,329.324,0.668008,-1,-1,-1
464,78,1400.990,799.425,131.252,281.627,0.872220,-1,-1,-1
465,63,568.012,647.928,103.127,268.338,0.708997,-1,-1,-1
465,70,300.894,751.437,124.407,331.681,0.720013,-1,-1,-1
465,78,1366.062,814.983,129.691,266.063,0.856821,-1,-1,-1
466,63,536.224,673.491,98.194,251.945,0.671646,-1,-1,-1
466,70,251.196,758.346,127.421,326.311,0.804771,-1,-1,-1
466,78,1331.193,827.593,129.184,253.447,0.827852,-1,-1,-1
467,63,499.664,682.110,99.526,251.303,0.666502,-1,-1,-1
467,70,199.270,764.193,130.335,320.680,0.841002,-1,-1,-1
467,78,1297.364,838.807,128.479,241.530,0.798109,-1,-1,-1
468,63,462.677,695.164,97.700,244.088,0.606625,-1,-1,-1
468,70,143.687,766.518,134.213,316.970,0.853565,-1,-1,-1
468,78,1262.959,849.568,128.154,231.217,0.841854,-1,-1,-1
469,63,422.843,698.507,99.767,245.773,0.559188,-1,-1,-1
469,70,85.520,773.997,136.656,308.741,0.841433,-1,-1,-1
469,78,1228.511,856.788,128.365,223.755,0.857339,-1,-1,-1
470,63,382.235,701.118,102.526,250.286,0.665154,-1,-1,-1
470,70,28.727,777.221,139.966,306.100,0.844798,-1,-1,-1
470,78,1191.997,857.961,131.743,222.895,0.842803,-1,-1,-1
471,63,344.024,701.421,104.666,254.605,0.680558,-1,-1,-1
471,70,-5.707,784.288,135.085,296.531,0.770509,-1,-1,-1
471,78,1152.614,856.394,136.109,224.312,0.849902,-1,-1,-1
472,63,303.294,701.172,105.958,257.055,0.660375,-1,-1,-1
472,78,1112.195,854.602,140.602,226.306,0.826729,-1,-1,-1
473,63,263.253,700.897,107.297,261.209,0.688535,-1,-1,-1
473,78,1071.768,853.763,144.494,227.219,0.849102,-1,-1,-1
474,63,221.731,704.473,106.383,260.995,0.690283,-1,-1,-1
474,78,1031.135,853.106,148.357,227.901,0.850767,-1,-1,-1
475,63,177.864,703.725,108.437,268.560,0.705938,-1,-1,-1
475,78,988.397,852.983,150.938,227.701,0.833821,-1,-1,-1
476,63,132.741,706.125,109.939,272.057,0.753311,-1,-1,-1
476,78,944.766,859.075,149.373,221.819,0.754847,-1,-1,-1
477,63,83.999,706.332,112.900,279.604,0.714389,-1,-1,-1
477,78,907.705,864.214,150.529,216.759,0.659842,-1,-1,-1
478,78,865.899,869.831,151.316,211.169,0.754564,-1,-1,-1
479,78,822.062,881.236,148.102,199.773,0.674579,-1,-1,-1
480,78,776.580,890.696,145.978,190.315,0.664037,-1,-1,-1
481,78,725.284,885.377,153.033,195.634,0.785505,-1,-1,-1
482,78,688.257,881.694,155.127,199.316,0.774072,-1,-1,-1
483,78,630.672,880.148,157.765,200.591,0.814916,-1,-1,-1
483,88,1801.808,658.150,90.254,235.317,0.716958,-1,-1,-1
484,78,575.491,878.740,160.244,201.717,0.833529,-1,-1,-1
484,88,1763.542,657.374,91.696,238.888,0.656194,-1,-1,-1
485,78,521.774,879.563,160.840,200.852,0.832163,-1,-1,-1
485,88,1717.927,659.154,90.748,236.446,0.631371,-1,-1,-1
486,78,469.347,881.069,160.273,198.423,0.849696,-1,-1,-1
486,88,1677.657,658.370,81.623,212.270,0.601114,-1,-1,-1
487,78,417.223,888.806,156.232,190.864,0.855714,-1,-1,-1
487,88,1635.792,660.053,78.740,204.235,0.394843,-1,-1,-1
488,78,366.103,899.832,150.220,180.133,0.858188,-1,-1,-1
488,88,1598.849,660.979,64.553,164.471,0.391092,-1,-1,-1
489,78,318.335,913.849,141.367,165.808,0.844529,-1,-1,-1
489,88,1559.593,661.853,57.692,144.763,0.381573,-1,-1,-1
490,78,270.165,927.404,132.806,152.509,0.821406,-1,-1,-1
490,88,1517.512,667.203,56.071,137.767,0.446989,-1,-1,-1
491,78,223.143,943.194,123.088,137.472,0.806320,-1,-1,-1
492,78,172.588,951.940,118.734,128.986,0.802189,-1,-1,-1
493,78,120.393,959.973,115.210,121.035,0.806207,-1,-1,-1
494,78,62.812,966.476,112.686,114.554,0.797490,-1,-1,-1
495,78,10.176,968.708,112.001,112.241,0.804735,-1,-1,-1
496,78,-27.312,969.651,106.034,111.351,0.591931,-1,-1,-1
507,108,696.465,700.118,97.594,309.148,0.706841,-1,-1,-1
507,110,1827.312,655.228,61.808,181.626,0.731987,-1,-1,-1
508,108,660.394,709.223,101.746,321.163,0.729890,-1,-1,-1
508,110,1797.221,660.522,61.259,179.072,0.604115,-1,-1,-1
509,108,610.905,717.042,102.137,321.406,0.748008,-1,-1,-1
509,110,1758.793,661.686,62.038,180.203,0.721070,-1,-1,-1
510,108,558.924,724.520,104.256,327.933,0.678208,-1,-1,-1
510,110,1721.433,667.345,62.779,181.001,0.690165,-1,-1,-1
511,108,506.049,733.871,104.500,328.368,0.749526,-1,-1,-1
511,110,1683.919,669.633,63.493,182.314,0.726429,-1,-1,-1
512,108,443.979,744.219,104.368,322.167,0.718696,-1,-1,-1
512,110,1648.644,673.491,64.735,184.206,0.674375,-1,-1,-1
513,108,388.013,750.343,107.605,328.961,0.700453,-1,-1,-1
513,110,1611.737,674.124,66.292,188.437,0.659645,-1,-1,-1
513,120,1533.054,671.699,79.567,179.383,0.751371,-1,-1,-1
514,108,328.724,755.797,108.591,326.872,0.765394,-1,-1,-1
514,110,1575.716,674.236,69.281,195.127,0.680456,-1,-1,-1
514,120,1501.863,675.601,79.279,178.926,0.637993,-1,-1,-1
515,108,274.653,761.549,108.289,321.927,0.641991,-1,-1,-1
515,110,1539.701,675.200,70.368,198.326,0.655394,-1,-1,-1
515,120,1467.236,675.433,79.351,179.498,0.702751,-1,-1,-1
516,108,215.436,766.187,107.156,315.729,0.631632,-1,-1,-1
516,110,1506.759,679.263,70.739,199.018,0.613061,-1,-1,-1
516,120,1432.313,675.427,78.981,179.295,0.750312,-1,-1,-1
517,108,143.479,771.339,109.861,311.509,0.748218,-1,-1,-1
517,110,1474.847,676.650,71.744,201.173,0.668047,-1,-1,-1
517,120,1397.487,674.518,80.745,183.820,0.691812,-1,-1,-1
518,108,83.198,778.475,110.080,304.956,0.675828,-1,-1,-1
518,110,1439.714,681.873,68.246,194.757,0.610919,-1,-1,-1
518,120,1363.053,676.524,81.213,184.542,0.546665,-1,-1,-1
518,124,1838.118,732.803,68.426,274.535,0.659308,-1,-1,-1
519,108,23.642,785.557,110.951,297.608,0.802892,-1,-1,-1
519,110,1408.361,680.130,67.755,195.126,0.663474,-1,-1,-1
519,120,1327.116,676.849,82.297,186.355,0.692442,-1,-1,-1
519,124,1807.291,733.419,68.591,272.138,0.741663,-1,-1,-1
520,108,-15.542,792.150,106.104,289.946,0.379067,-1,-1,-1
520,110,1378.315,679.328,69.033,196.716,0.717061,-1,-1,-1
520,120,1292.513,676.964,83.348,188.141,0.750033,-1,-1,-1
520,124,1772.174,734.252,69.866,273.432,0.599509,-1,-1,-1
521,110,1347.886,680.278,70.611,201.766,0.711172,-1,-1,-1
521,120,1259.146,681.271,82.506,185.079,0.721677,-1,-1,-1
521,124,1734.747,733.167,71.817,275.440,0.582188,-1,-1,-1
522,110,1314.989,679.551,70.593,202.707,0.676192,-1,-1,-1
522,120,1227.132,681.571,82.504,185.313,0.721454,-1,-1,-1
522,124,1691.901,732.994,74.509,277.153,0.379684,-1,-1,-1
523,110,1282.581,680.492,71.861,205.607,0.702115,-1,-1,-1
523,120,1194.866,684.932,80.870,182.196,0.733113,-1,-1,-1
523,124,1663.121,731.166,75.113,271.145,0.668491,-1,-1,-1
524,110,1251.414,682.544,72.325,206.652,0.723885,-1,-1,-1
524,120,1163.958,687.460,81.267,184.345,0.711837,-1,-1,-1
524,124,1629.899,728.265,78.069,274.492,0.690466,-1,-1,-1
525,110,1216.570,680.179,74.238,212.403,0.637324,-1,-1,-1
525,120,1129.576,683.875,83.316,191.763,0.677548,-1,-1,-1
525,124,1597.318,728.575,80.446,274.545,0.792702,-1,-1,-1
526,110,1181.392,679.782,76.756,218.243,0.725688,-1,-1,-1
526,120,1096.243,686.094,83.384,194.548,0.743563,-1,-1,-1
526,124,1563.000,725.510,83.261,276.093,0.774217,-1,-1,-1
527,110,1146.737,682.469,77.700,219.874,0.678713,-1,-1,-1
527,120,1065.881,685.936,82.644,195.714,0.684595,-1,-1,-1
527,124,1529.862,724.310,84.869,274.174,0.537243,-1,-1,-1
528,110,1113.165,685.377,79.422,222.932,0.757449,-1,-1,-1
528,120,1032.505,686.920,83.577,200.847,0.699697,-1,-1,-1
528,124,1495.372,726.160,86.353,270.644,0.700854,-1,-1,-1
529,110,1074.770,688.586,82.576,227.066,0.758368,-1,-1,-1
529,120,999.202,688.452,85.020,207.011,0.733091,-1,-1,-1
529,124,1459.019,727.217,90.432,274.809,0.629214,-1,-1,-1
530,110,1039.694,691.604,85.140,229.792,0.677463,-1,-1,-1
530,120,966.043,695.588,84.958,209.067,0.668074,-1,-1,-1
530,124,1425.475,729.203,95.773,283.259,0.740261,-1,-1,-1
531,110,1005.893,696.757,87.651,231.248,0.704203,-1,-1,-1
531,120,934.000,699.654,83.569,207.213,0.623692,-1,-1,-1
531,124,1394.325,728.164,100.602,289.875,0.818493,-1,-1,-1
532,110,970.904,702.371,91.350,237.045,0.689479,-1,-1,-1
532,120,898.931,703.092,85.262,211.378,0.662205,-1,-1,-1
532,124,1367.075,732.801,103.886,290.729,0.707234,-1,-1,-1
533,110,940.543,703.764,93.551,241.443,0.711179,-1,-1,-1
533,120,863.319,707.646,84.912,210.020,0.686547,-1,-1,-1
533,124,1334.125,735.870,105.230,292.527,0.736945,-1,-1,-1
534,110,913.300,706.868,92.060,236.688,0.762245,-1,-1,-1
534,120,832.688,707.029,85.608,212.336,0.652519,-1,-1,-1
534,124,1303.918,738.159,106.169,293.589,0.713080,-1,-1,-1
535,110,880.953,708.812,93.796,242.432,0.750186,-1,-1,-1
535,120,800.377,707.062,88.206,220.603,0.675148,-1,-1,-1
535,124,1276.742,740.062,106.815,294.346,0.739584,-1,-1,-1
536,110,846.022,708.761,96.139,249.291,0.832722,-1,-1,-1
536,120,766.057,707.476,89.115,226.427,0.674665,-1,-1,-1
536,124,1250.594,739.940,106.841,293.985,0.771546,-1,-1,-1
537,110,814.221,711.059,96.071,252.083,0.701280,-1,-1,-1
537,120,728.882,706.281,89.755,235.064,0.636867,-1,-1,-1
537,124,1222.590,736.491,107.580,297.027,0.689947,-1,-1,-1
538,110,776.537,711.476,97.742,258.844,0.695152,-1,-1,-1
538,120,694.333,709.461,87.361,234.310,0.569697,-1,-1,-1
538,124,1195.867,737.043,106.802,295.321,0.785214,-1,-1,-1
539,110,741.871,714.611,99.735,266.571,0.792574,-1,-1,-1
539,120,661.285,713.908,85.559,232.715,0.713370,-1,-1,-1
539,124,1170.395,736.516,107.198,296.632,0.750671,-1,-1,-1
540,110,708.005,718.236,98.495,268.625,0.659423,-1,-1,-1
540,120,623.202,717.786,88.261,239.032,0.640671,-1,-1,-1
540,124,1140.584,738.529,108.661,301.763,0.752701,-1,-1,-1
541,110,671.974,723.873,100.608,274.303,0.678993,-1,-1,-1
541,120,581.582,722.480,92.533,246.760,0.705205,-1,-1,-1
541,124,1111.382,741.570,108.376,302.532,0.725091,-1,-1,-1
542,110,636.087,730.462,101.127,274.550,0.708646,-1,-1,-1
542,120,539.897,725.761,96.311,249.694,0.691190,-1,-1,-1
542,124,1076.233,748.933,111.816,309.983,0.638011,-1,-1,-1
543,110,599.161,736.184,103.127,280.400,0.780441,-1,-1,-1
543,120,502.317,731.638,101.370,255.232,0.703201,-1,-1,-1
543,124,1050.885,752.723,111.215,308.029,0.728346,-1,-1,-1
544,110,560.294,745.775,108.047,294.709,0.709117,-1,-1,-1
544,120,465.132,743.446,105.973,259.483,0.727400,-1,-1,-1
544,124,1024.410,759.112,111.516,309.247,0.708144,-1,-1,-1
545,110,526.722,748.680,108.466,295.919,0.757786,-1,-1,-1
545,120,433.915,747.879,106.353,252.494,0.717635,-1,-1,-1
545,124,993.915,758.069,113.605,314.445,0.743031,-1,-1,-1
545,140,882.802,585.040,47.202,112.219,0.702127,-1,-1,-1
546,110,489.682,751.108,110.904,302.450,0.763867,-1,-1,-1
546,120,395.892,747.688,109.901,258.361,0.741862,-1,-1,-1
546,124,969.960,759.241,112.654,311.690,0.696040,-1,-1,-1
546,140,864.146,585.863,47.102,111.939,0.711553,-1,-1,-1
547,110,454.458,754.521,109.497,300.698,0.820136,-1,-1,-1
547,120,357.744,749.060,110.941,263.208,0.722269,-1,-1,-1
547,124,940.665,757.670,114.307,313.574,0.742925,-1,-1,-1
547,140,843.624,585.680,47.351,112.285,0.722818,-1,-1,-1
548,110,414.200,755.269,110.097,305.517,0.799672,-1,-1,-1
548,120,316.117,752.514,113.122,271.588,0.735267,-1,-1,-1
548,124,916.190,761.830,112.450,306.936,0.766027,-1,-1,-1
548,140,823.946,585.912,47.525,112.249,0.754105,-1,-1,-1
549,110,375.070,758.919,111.842,311.116,0.792716,-1,-1,-1
549,120,278.128,759.072,112.365,272.062,0.763387,-1,-1,-1
549,124,888.235,756.918,114.553,310.676,0.778772,-1,-1,-1
549,140,802.604,583.691,48.341,113.563,0.715155,-1,-1,-1
550,110,337.702,761.359,113.373,313.899,0.755335,-1,-1,-1
550,120,237.303,760.764,114.430,281.288,0.729317,-1,-1,-1
550,124,862.778,758.898,114.701,310.227,0.735867,-1,-1,-1
550,140,783.140,584.094,49.332,115.444,0.718036,-1,-1,-1
551,110,293.512,765.773,111.866,310.362,0.721252,-1,-1,-1
551,120,192.146,763.499,117.643,294.298,0.737344,-1,-1,-1
551,124,843.372,770.599,110.698,299.518,0.629711,-1,-1,-1
551,140,763.576,585.596,49.703,116.144,0.697445,-1,-1,-1
552,110,248.320,769.428,112.528,311.518,0.792543,-1,-1,-1
552,120,149.239,768.646,119.657,304.571,0.699475,-1,-1,-1
552,124,806.049,733.741,125.984,342.586,0.728371,-1,-1,-1
552,140,746.125,585.748,49.761,115.303,0.755044,-1,-1,-1
553,110,201.136,776.494,111.657,306.504,0.740159,-1,-1,-1
553,120,103.329,774.081,119.000,307.259,0.690453,-1,-1,-1
553,124,785.906,740.912,124.046,339.062,0.711163,-1,-1,-1
553,140,727.128,584.007,51.057,117.521,0.702036,-1,-1,-1
554,110,154.409,782.861,111.436,300.871,0.776023,-1,-1,-1
554,120,61.322,781.447,115.987,301.919,0.707375,-1,-1,-1
554,124,764.712,752.965,120.177,328.174,0.755687,-1,-1,-1
554,140,707.608,583.229,52.079,119.072,0.702711,-1,-1,-1
555,110,112.784,794.568,110.226,289.196,0.760565,-1,-1,-1
555,120,17.897,790.294,112.519,293.386,0.745846,-1,-1,-1
555,124,733.623,758.629,119.161,318.060,0.707580,-1,-1,-1
555,140,689.230,584.843,51.955,118.787,0.719863,-1,-1,-1
556,110,65.160,804.438,108.305,278.636,0.798267,-1,-1,-1
556,120,-16.586,797.883,106.456,286.509,0.661847,-1,-1,-1
556,124,707.926,762.668,116.006,304.599,0.748170,-1,-1,-1
556,140,670.599,582.671,52.790,120.400,0.764686,-1,-1,-1
557,110,16.010,815.002,106.258,267.351,0.828919,-1,-1,-1
557,124,684.355,765.894,118.564,310.685,0.703203,-1,-1,-1
557,140,652.015,580.705,53.051,121.162,0.739686,-1,-1,-1
558,110,-18.045,819.974,99.448,259.213,0.704093,-1,-1,-1
558,124,657.215,765.784,119.381,310.949,0.761741,-1,-1,-1
558,140,633.450,578.345,54.501,124.303,0.754083,-1,-1,-1
559,124,631.416,766.523,120.257,311.132,0.801552,-1,-1,-1
559,140,615.574,577.457,55.018,125.864,0.740029,-1,-1,-1
560,124,607.725,762.823,122.546,317.478,0.789589,-1,-1,-1
560,140,597.303,580.340,54.901,125.992,0.768690,-1,-1,-1
561,124,580.498,760.082,124.116,321.171,0.830183,-1,-1,-1
561,140,580.134,577.251,56.813,130.048,0.743177,-1,-1,-1
562,124,553.614,759.121,124.903,322.441,0.790674,-1,-1,-1
562,140,562.678,580.055,56.990,130.031,0.712510,-1,-1,-1
563,124,528.690,758.189,124.798,323.258,0.860718,-1,-1,-1
563,140,546.445,583.211,57.604,130.575,0.761974,-1,-1,-1
564,124,503.468,759.480,124.436,322.055,0.821508,-1,-1,-1
564,140,532.187,585.726,57.045,128.517,0.684929,-1,-1,-1
565,124,477.199,761.763,124.432,319.762,0.722730,-1,-1,-1
565,140,514.525,585.229,58.499,131.382,0.712623,-1,-1,-1
566,124,448.335,766.082,125.126,315.400,0.720251,-1,-1,-1
566,140,498.439,586.175,59.058,131.052,0.768082,-1,-1,-1
567,124,425.587,776.016,123.271,305.413,0.835999,-1,-1,-1
567,140,482.684,588.195,59.910,132.379,0.773449,-1,-1,-1
568,124,396.404,784.062,123.130,296.382,0.789086,-1,-1,-1
568,140,464.993,588.795,61.054,134.123,0.732539,-1,-1,-1
569,124,372.039,789.862,124.308,291.121,0.791898,-1,-1,-1
569,140,446.933,589.269,62.896,136.122,0.693059,-1,-1,-1
570,124,345.311,791.696,126.418,288.774,0.793798,-1,-1,-1
570,140,430.853,589.328,64.339,138.549,0.726386,-1,-1,-1
571,124,319.816,795.823,127.898,285.130,0.819746,-1,-1,-1
571,140,415.448,591.629,64.855,138.888,0.713832,-1,-1,-1
572,124,295.346,798.994,127.989,279.932,0.579468,-1,-1,-1
572,140,399.228,595.188,64.993,138.081,0.666542,-1,-1,-1
573,124,278.734,799.902,116.381,245.556,0.571175,-1,-1,-1
573,140,382.274,595.508,66.597,141.315,0.717801,-1,-1,-1
574,124,240.365,801.115,129.412,267.958,0.543992,-1,-1,-1
574,140,367.421,598.070,67.102,141.457,0.703479,-1,-1,-1
575,124,219.556,801.708,120.985,242.990,0.626989,-1,-1,-1
575,140,349.429,599.244,67.566,140.962,0.710638,-1,-1,-1
576,124,182.519,806.547,132.357,261.229,0.686670,-1,-1,-1
576,140,331.791,599.852,69.466,144.137,0.744136,-1,-1,-1
577,124,162.021,809.435,121.684,231.439,0.524671,-1,-1,-1
577,140,315.484,600.505,70.244,144.463,0.686305,-1,-1,-1
578,124,123.960,812.480,136.185,254.903,0.421101,-1,-1,-1
578,140,297.090,599.290,72.625,148.795,0.753074,-1,-1,-1
579,124,102.107,818.330,125.594,225.965,0.587325,-1,-1,-1
579,140,278.914,599.138,73.772,151.637,0.754636,-1,-1,-1
580,124,68.252,823.798,134.836,238.404,0.469733,-1,-1,-1
580,140,264.030,601.201,73.603,151.118,0.678979,-1,-1,-1
581,124,28.584,829.458,142.118,245.376,0.761178,-1,-1,-1
581,140,245.993,598.807,76.155,156.925,0.759768,-1,-1,-1
582,124,5.344,834.334,143.392,245.261,0.805012,-1,-1,-1
582,140,229.249,599.577,76.245,158.107,0.767408,-1,-1,-1
583,124,-8.321,837.455,138.305,237.520,0.635192,-1,-1,-1
583,140,212.341,600.461,77.396,159.969,0.749604,-1,-1,-1
584,124,-21.799,837.895,134.987,238.265,0.733026,-1,-1,-1
584,140,195.453,599.860,80.065,165.772,0.785597,-1,-1,-1
585,124,-32.233,844.265,127.165,234.813,0.710473,-1,-1,-1
585,140,182.004,601.473,81.699,170.741,0.811726,-1,-1,-1
586,140,166.980,604.802,81.482,170.556,0.721267,-1,-1,-1
587,140,154.753,607.766,81.736,170.791,0.776559,-1,-1,-1
588,140,140.920,610.021,82.882,173.390,0.784745,-1,-1,-1
589,140,127.489,612.989,83.499,174.115,0.769359,-1,-1,-1
590,140,113.971,614.711,84.967,177.140,0.759390,-1,-1,-1
591,140,98.726,615.353,85.734,179.393,0.786170,-1,-1,-1
591,142,1767.590,582.827,58.504,170.306,0.753434,-1,-1,-1
592,140,85.827,618.423,85.132,177.609,0.791235,-1,-1,-1
592,142,1767.658,580.587,57.924,168.328,0.730087,-1,-1,-1
593,140,71.478,618.710,86.951,181.759,0.766325,-1,-1,-1
593,142,1767.325,582.822,58.042,168.280,0.770811,-1,-1,-1
594,140,57.668,621.220,88.623,184.355,0.757057,-1,-1,-1
594,142,1765.843,581.588,59.575,171.881,0.716564,-1,-1,-1
595,140,43.423,622.049,90.028,187.904,0.789882,-1,-1,-1
595,142,1761.085,582.353,62.061,176.353,0.726151,-1,-1,-1
596,140,29.677,625.687,90.803,189.527,0.792790,-1,-1,-1
596,142,1759.591,582.139,63.770,178.010,0.730982,-1,-1,-1
597,140,15.411,627.443,92.008,192.185,0.759202,-1,-1,-1
597,142,1763.408,586.692,63.130,173.474,0.748917,-1,-1,-1
598,140,3.595,635.269,92.790,192.619,0.789122,-1,-1,-1
598,142,1767.275,587.123,63.688,171.672,0.762127,-1,-1,-1
599,140,-5.170,639.171,92.147,193.193,0.788726,-1,-1,-1
599,142,1771.844,585.304,65.377,173.047,0.771007,-1,-1,-1
600,140,-10.723,646.492,89.998,192.242,0.779883,-1,-1,-1
600,142,1773.312,583.702,67.696,176.366,0.786197,-1,-1,-1
601,140,-15.806,650.574,87.394,192.702,0.708560,-1,-1,-1
601,142,1778.122,581.911,68.822,178.597,0.781167,-1,-1,-1
602,140,-18.242,660.323,80.902,185.476,0.506368,-1,-1,-1
602,142,1783.199,578.941,69.666,181.662,0.709071,-1,-1,-1
603,142,1787.035,579.838,69.362,182.443,0.626519,-1,-1,-1
604,142,1793.148,576.819,69.109,186.364,0.470937,-1,-1,-1
605,142,1801.505,581.103,66.367,183.884,0.507089,-1,-1,-1
606,145,1242.368,516.296,30.616,90.668,0.617398,-1,-1,-1
607,145,1243.984,516.172,30.739,91.113,0.615100,-1,-1,-1
608,145,1247.097,517.624,30.501,90.453,0.306643,-1,-1,-1
609,145,1251.463,519.174,30.343,89.813,0.539600,-1,-1,-1
610,145,1254.267,519.076,30.944,91.290,0.488762,-1,-1,-1
611,145,1255.644,517.665,32.209,95.530,0.430807,-1,-1,-1
612,145,1259.251,520.506,31.670,94.258,0.456177,-1,-1,-1
613,145,1263.166,523.146,31.089,92.776,0.564853,-1,-1,-1
613,147,266.285,499.841,51.703,144.713,0.691229,-1,-1,-1
614,145,1266.484,524.802,30.524,91.239,0.622956,-1,-1,-1
614,147,263.684,499.747,52.011,145.435,0.743992,-1,-1,-1
615,145,1268.634,525.694,30.430,90.976,0.618008,-1,-1,-1
615,147,259.986,498.970,52.455,146.720,0.741713,-1,-1,-1
616,145,1270.517,527.903,31.193,93.392,0.630869,-1,-1,-1
616,147,256.074,500.808,51.813,145.213,0.621901,-1,-1,-1
617,145,1273.087,529.220,31.830,95.666,0.577849,-1,-1,-1
617,147,254.341,502.217,51.014,143.013,0.640491,-1,-1,-1
618,145,1276.078,531.772,32.063,96.230,0.552226,-1,-1,-1
618,147,251.031,504.419,50.486,141.683,0.631664,-1,-1,-1
618,142,1852.656,610.955,70.280,198.054,0.658120,-1,-1,-1
619,145,1278.251,533.232,32.247,96.148,0.606367,-1,-1,-1
619,147,248.771,507.063,50.241,141.128,0.643794,-1,-1,-1
619,142,1856.855,610.581,69.585,202.724,0.630505,-1,-1,-1
620,145,1279.496,533.936,33.335,98.363,0.634527,-1,-1,-1
620,147,246.629,507.908,50.360,141.565,0.590473,-1,-1,-1
620,142,1861.613,611.257,67.777,206.385,0.659146,-1,-1,-1
621,145,1283.346,532.316,34.475,101.964,0.601143,-1,-1,-1
621,147,243.866,504.531,51.768,146.141,0.620196,-1,-1,-1
621,142,1867.332,611.567,64.443,206.893,0.531391,-1,-1,-1
622,145,1286.707,531.993,35.041,105.125,0.572304,-1,-1,-1
622,147,241.028,503.624,51.958,147.369,0.667256,-1,-1,-1
622,142,1872.239,612.422,59.827,201.848,0.614979,-1,-1,-1
623,145,1292.341,530.332,34.778,104.498,0.633695,-1,-1,-1
623,147,237.333,501.709,53.495,153.021,0.634745,-1,-1,-1
624,145,1296.631,531.422,35.207,105.506,0.620277,-1,-1,-1
624,147,235.682,501.151,53.118,153.171,0.667935,-1,-1,-1
625,145,1301.704,535.737,34.744,103.680,0.630437,-1,-1,-1
625,147,235.281,509.819,51.230,148.210,0.657927,-1,-1,-1
626,145,1307.564,533.387,36.676,107.669,0.557842,-1,-1,-1
626,147,236.296,519.684,47.924,137.748,0.676827,-1,-1,-1
627,145,1313.262,531.898,37.333,109.461,0.645733,-1,-1,-1
627,147,236.763,533.884,45.028,128.305,0.633817,-1,-1,-1
628,145,1319.231,532.685,37.247,108.676,0.634222,-1,-1,-1
628,147,237.473,539.372,44.007,123.962,0.642649,-1,-1,-1
629,145,1325.353,532.050,37.016,107.117,0.712279,-1,-1,-1
629,147,237.699,551.635,42.247,117.375,0.702180,-1,-1,-1
630,145,1332.891,531.734,37.750,107.585,0.675499,-1,-1,-1
630,147,238.005,552.692,42.980,118.185,0.671484,-1,-1,-1
631,145,1340.150,530.414,38.307,109.289,0.676912,-1,-1,-1
631,147,239.750,554.251,43.438,117.126,0.643512,-1,-1,-1
632,145,1347.524,531.782,38.445,108.913,0.713217,-1,-1,-1
632,147,241.465,555.618,44.560,118.177,0.620891,-1,-1,-1
633,145,1355.741,535.594,38.932,108.878,0.661024,-1,-1,-1
633,147,242.302,553.686,46.686,121.939,0.609872,-1,-1,-1
634,145,1364.117,537.389,38.762,107.950,0.640530,-1,-1,-1
634,147,242.080,554.384,47.690,124.082,0.602211,-1,-1,-1
635,145,1370.475,534.130,41.747,115.786,0.726106,-1,-1,-1
635,147,243.422,551.780,49.167,127.107,0.552927,-1,-1,-1
636,145,1378.748,538.499,41.364,114.301,0.607634,-1,-1,-1
636,147,244.598,551.566,49.926,128.836,0.586195,-1,-1,-1
637,145,1388.223,539.248,41.615,115.407,0.478393,-1,-1,-1
637,147,245.510,544.497,53.307,137.758,0.528873,-1,-1,-1
638,145,1396.971,539.475,43.272,120.126,0.606573,-1,-1,-1
638,147,245.587,537.555,56.329,146.595,0.613486,-1,-1,-1
639,145,1409.419,548.565,40.893,114.465,0.455075,-1,-1,-1
639,147,247.564,537.964,56.863,148.646,0.648684,-1,-1,-1
640,145,1419.418,553.495,39.331,109.470,0.365575,-1,-1,-1
640,147,248.973,536.807,57.528,151.961,0.652464,-1,-1,-1
641,145,1430.463,554.541,38.234,106.431,0.520102,-1,-1,-1
641,147,252.139,538.688,57.080,152.052,0.661097,-1,-1,-1
642,145,1442.172,559.134,38.141,105.913,0.563048,-1,-1,-1
642,147,254.808,536.758,57.536,154.839,0.565093,-1,-1,-1
643,145,1455.103,562.751,35.766,98.863,0.361619,-1,-1,-1
643,147,256.212,533.155,58.751,160.513,0.550807,-1,-1,-1
644,147,258.119,531.260,58.484,162.879,0.425328,-1,-1,-1
645,147,265.825,558.430,49.727,137.404,0.386738,-1,-1,-1
646,147,271.785,569.753,46.595,128.250,0.415393,-1,-1,-1
647,147,271.308,547.684,53.349,150.451,0.464129,-1,-1,-1
648,147,277.978,559.677,49.230,138.610,0.522874,-1,-1,-1
649,147,280.068,543.937,52.203,149.390,0.493899,-1,-1,-1
650,147,282.705,536.298,54.656,158.424,0.593521,-1,-1,-1
651,147,288.045,532.724,56.060,164.330,0.429326,-1,-1,-1
652,147,298.194,546.968,48.377,141.052,0.572522,-1,-1,-1
653,147,307.030,555.020,45.204,132.216,0.333741,-1,-1,-1
654,147,311.339,557.036,45.368,133.930,0.572571,-1,-1,-1
655,147,314.862,532.131,51.700,156.339,0.494478,-1,-1,-1
656,147,322.231,532.641,53.165,163.430,0.539520,-1,-1,-1
657,147,330.115,532.287,54.245,169.637,0.551878,-1,-1,-1
658,147,344.306,561.570,46.718,145.046,0.395908,-1,-1,-1
659,147,351.575,582.239,44.859,136.466,0.362848,-1,-1,-1
660,147,360.148,589.471,43.699,131.804,0.492398,-1,-1,-1
661,147,364.224,593.052,44.408,131.775,0.563745,-1,-1,-1
662,147,371.452,597.572,44.006,127.215,0.536912,-1,-1,-1
663,147,381.293,600.731,42.709,121.866,0.533593,-1,-1,-1
664,147,387.789,596.739,44.569,124.139,0.604941,-1,-1,-1
665,147,395.681,598.876,44.336,119.599,0.486014,-1,-1,-1
666,147,402.995,596.357,46.293,119.629,0.644904,-1,-1,-1
667,147,408.477,590.882,50.803,124.926,0.561705,-1,-1,-1
668,147,412.859,585.700,57.259,133.341,0.601614,-1,-1,-1
669,147,421.553,579.114,63.136,138.978,0.436455,-1,-1,-1
670,147,430.090,574.668,67.818,142.083,0.627716,-1,-1,-1
671,147,439.504,571.040,71.444,144.426,0.576486,-1,-1,-1
705,149,971.495,613.439,73.730,155.618,0.648144,-1,-1,-1
706,149,984.227,615.859,75.286,158.692,0.758282,-1,-1,-1
707,149,997.450,615.179,79.633,167.222,0.742266,-1,-1,-1
707,150,564.619,513.507,34.230,95.086,0.661581,-1,-1,-1
708,149,1006.500,616.365,83.330,172.810,0.674593,-1,-1,-1
708,150,566.767,517.446,34.378,95.601,0.689101,-1,-1,-1
709,149,1017.955,612.066,88.110,179.080,0.763630,-1,-1,-1
709,150,568.783,520.636,35.191,97.964,0.643036,-1,-1,-1
710,149,1032.125,619.533,91.031,180.944,0.774790,-1,-1,-1
710,150,575.095,529.331,33.130,92.047,0.640337,-1,-1,-1
711,149,1055.506,620.790,91.853,179.387,0.711117,-1,-1,-1
711,150,577.712,534.548,32.219,89.190,0.530464,-1,-1,-1
712,149,1076.810,630.472,92.690,178.995,0.478873,-1,-1,-1
712,150,578.937,536.978,33.356,91.903,0.717667,-1,-1,-1
713,150,579.016,537.383,34.245,93.894,0.737242,-1,-1,-1
714,150,580.973,542.735,35.665,97.680,0.655173,-1,-1,-1
714,149,1128.357,637.344,90.115,172.301,0.737447,-1,-1,-1
715,150,581.576,542.334,37.105,101.446,0.590226,-1,-1,-1
715,149,1145.213,637.537,91.297,173.169,0.745138,-1,-1,-1
716,150,582.871,545.206,37.184,101.486,0.508150,-1,-1,-1
716,149,1160.376,635.099,94.254,177.619,0.768351,-1,-1,-1
717,150,582.643,546.710,37.566,101.926,0.557196,-1,-1,-1
717,149,1176.829,632.495,97.347,182.490,0.781207,-1,-1,-1
718,150,585.471,552.633,36.341,98.729,0.484078,-1,-1,-1
718,149,1193.074,628.585,102.684,191.638,0.791378,-1,-1,-1
719,150,586.536,550.567,36.913,99.945,0.534869,-1,-1,-1
719,149,1213.031,632.418,104.148,193.172,0.660805,-1,-1,-1
720,150,587.470,552.891,37.663,101.535,0.567490,-1,-1,-1
720,149,1232.687,633.299,106.882,196.945,0.671754,-1,-1,-1
721,150,589.851,553.509,38.409,102.786,0.491319,-1,-1,-1
721,149,1259.780,636.622,98.203,180.249,0.478709,-1,-1,-1
722,150,592.791,555.123,38.333,102.724,0.535957,-1,-1,-1
722,149,1284.631,645.863,102.790,192.417,0.472565,-1,-1,-1
723,150,594.783,553.452,39.138,104.894,0.370604,-1,-1,-1
723,149,1309.064,654.462,103.408,193.698,0.447763,-1,-1,-1
724,150,595.702,561.099,38.631,103.772,0.485877,-1,-1,-1
724,149,1338.214,662.279,103.274,195.972,0.548576,-1,-1,-1
725,150,596.150,565.891,38.582,103.959,0.570681,-1,-1,-1
725,149,1363.445,664.900,105.296,202.667,0.710792,-1,-1,-1
726,150,597.833,567.329,38.342,103.484,0.573400,-1,-1,-1
726,149,1383.379,672.121,107.556,207.286,0.620315,-1,-1,-1
727,150,599.454,570.653,39.508,105.933,0.715337,-1,-1,-1
727,149,1419.709,673.711,94.304,184.581,0.406003,-1,-1,-1
728,150,600.496,571.049,39.933,106.176,0.672856,-1,-1,-1
728,149,1424.756,680.964,108.418,209.028,0.580296,-1,-1,-1
729,150,600.739,569.039,41.293,109.146,0.638056,-1,-1,-1
729,149,1442.234,682.196,115.477,218.375,0.722585,-1,-1,-1
730,150,602.125,570.891,42.316,110.987,0.566981,-1,-1,-1
731,150,602.925,567.892,44.076,114.779,0.668042,-1,-1,-1
732,150,604.019,567.109,44.909,116.542,0.675660,-1,-1,-1
733,150,604.740,568.852,44.878,116.019,0.649923,-1,-1,-1
733,149,1571.387,706.122,116.112,226.654,0.701868,-1,-1,-1
734,150,604.067,563.982,46.545,120.301,0.686840,-1,-1,-1
734,149,1593.634,709.082,117.409,229.777,0.628057,-1,-1,-1
735,150,604.243,564.151,47.129,121.800,0.694771,-1,-1,-1
735,149,1615.160,707.836,119.519,232.730,0.744101,-1,-1,-1
736,150,606.752,562.048,47.054,122.138,0.674969,-1,-1,-1
736,149,1635.342,707.463,126.195,243.861,0.715068,-1,-1,-1
737,150,607.978,562.709,47.038,122.311,0.658395,-1,-1,-1
737,149,1658.855,699.868,132.845,257.341,0.794613,-1,-1,-1
738,150,608.575,563.613,47.398,122.971,0.659291,-1,-1,-1
738,149,1687.496,706.531,135.767,262.407,0.754955,-1,-1,-1
739,150,609.430,565.465,47.896,123.722,0.656187,-1,-1,-1
739,149,1720.117,718.191,137.202,261.166,0.753166,-1,-1,-1
740,150,609.818,567.470,48.083,123.833,0.684675,-1,-1,-1
740,149,1750.263,734.310,134.924,254.099,0.746446,-1,-1,-1
741,150,609.968,569.452,48.327,124.218,0.677564,-1,-1,-1
741,149,1780.395,733.348,138.863,262.734,0.581553,-1,-1,-1
742,150,610.400,570.943,48.128,123.867,0.645521,-1,-1,-1
742,149,1810.971,749.810,131.678,258.115,0.432581,-1,-1,-1
743,150,609.865,572.506,48.999,125.307,0.630312,-1,-1,-1
744,150,608.378,573.147,49.763,126.966,0.629344,-1,-1,-1
745,150,607.107,574.379,50.603,128.615,0.666822,-1,-1,-1
746,150,605.275,575.191,51.200,130.273,0.626363,-1,-1,-1
747,150,604.549,576.058,51.875,132.299,0.653814,-1,-1,-1
748,150,603.976,576.573,52.171,133.307,0.673337,-1,-1,-1
749,150,603.910,578.195,51.780,132.366,0.675344,-1,-1,-1
750,150,603.566,580.428,51.230,130.772,0.623204,-1,-1,-1
